depth	yearBP	SST	Notes
0.5	-51	6.59	MD99-2275
1.5	-48	6.29	MD99-2275
2.5	-45	6.99	MD99-2275
3.5	-43	7.29	MD99-2275
4.5	-40	8.29	MD99-2275
5.5	-37	6.89	MD99-2275
6.5	-35	6.89	MD99-2275
7.5	-32	6.19	MD99-2275
8.5	-30	5.99	MD99-2275
9.5	-27	6.59	MD99-2275
10.5	-24	6.69	MD99-2275
11.5	-22	6.29	MD99-2275
12.5	-19	5.39	MD99-2275
13.5	-17	6.19	MD99-2275
14.5	-14	6.79	MD99-2275
15.5	-10	6.99	MD99-2275
16.5	-5	6.29	MD99-2275
17.5	0	6.79	MD99-2275
18.5	5	5.79	MD99-2275
19.5	8	6.79	MD99-2275
20.5	11	7.09	MD99-2275
21.5	14	6.89	MD99-2275
22.5	18	6.99	MD99-2275
23.5	21	7.19	MD99-2275
24.5	22	6.94	MD99-2275
25.5	25	6.54	MD99-2275
26.5	28	6.74	MD99-2275
27.5	32	6.74	MD99-2275
28.5	35	6.24	MD99-2275
29.5	38	6.74	MD99-2275
30.5	42	6.64	MD99-2275
31.5	45	6.84	MD99-2275
32.5	48	6.94	MD99-2275
33.5	52	7.14	MD99-2275
34.5	55	7.04	MD99-2275
35.5	57	6.97	MD99-2275
36.5	59	6.86	MD99-2275
37.5	61	8.26	MD99-2275
38.5	62	7.53	MD99-2275
39.5	64	6.89	MD99-2275
40.5	66	6.81	MD99-2275
41.5	67	7.19	MD99-2275
42.5	69	7.27	MD99-2275
43.5	70	7.07	MD99-2275
44.5	72	7.48	MD99-2275
45.5	74	6.93	MD99-2275
46.5	75	6.59	MD99-2275
47.5	78	7.45	MD99-2275
48.5	80	7.83	MD99-2275
49.5	82	6.51	MD99-2275
50.5	83	7.32	MD99-2275
51.5	85	7.72	MD99-2275
52.5	87	6.45	MD99-2275
53.5	90	7.68	MD99-2275
54.5	91	7.20	MD99-2275
55.5	93	7.91	MD99-2275
56.5	95	7.06	MD99-2275
57.5	96	6.45	MD99-2275
58.5	98	8.21	MD99-2275
59.5	100	6.30	MD99-2275
60.5	101	7.60	MD99-2275
61.5	103	7.13	MD99-2275
62.5	104	6.99	MD99-2275
63.5	106	6.89	MD99-2275
64.5	108	6.91	MD99-2275
65.5	109	6.99	MD99-2275
66.5	111	7.35	MD99-2275
67.5	113	6.45	MD99-2275
68.5	114	6.95	MD99-2275
69.5	116	7.30	MD99-2275
70.5	117	7.59	MD99-2275
71.5	119	8.06	MD99-2275
72.5	121	7.49	MD99-2275
73.5	122	7.85	MD99-2275
74.5	124	6.96	MD99-2275
75.5	125	7.18	MD99-2275
76.5	127	6.60	MD99-2275
77.5	129	7.16	MD99-2275
78.5	130	7.62	MD99-2275
79.5	132	7.92	MD99-2275
80.5	134	7.64	MD99-2275
81.5	135	7.74	MD99-2275
82.5	137	7.79	MD99-2275
83.5	138	7.61	MD99-2275
84.5	140	6.75	MD99-2275
85.5	142	7.06	MD99-2275
86.5	143	7.61	MD99-2275
87.5	145	7.15	MD99-2275
88.5	147	7.15	MD99-2275
89.5	148	7.60	MD99-2275
90.5	150	7.50	MD99-2275
91.5	152	8.21	MD99-2275
92.5	153	7.75	MD99-2275
93.5	155	7.63	MD99-2275
94.5	157	7.45	MD99-2275
95.5	159	7.46	MD99-2275
96.5	161	7.47	MD99-2275
97.5	163	7.42	MD99-2275
98.5	165	7.46	MD99-2275
99.5	167	7.27	MD99-2275
100.5	169	8.18	MD99-2275
101.5	171	7.29	MD99-2275
102.5	173	7.47	MD99-2275
103.5	174	7.63	MD99-2275
104.5	176	7.04	MD99-2275
105.5	178	6.58	MD99-2275
106.5	180	7.35	MD99-2275
107.5	182	7.24	MD99-2275
108.5	184	8.13	MD99-2275
109.5	186	6.80	MD99-2275
110.5	188	7.87	MD99-2275
111.5	190	8.48	MD99-2275
112.5	192	7.35	MD99-2275
113.5	194	6.48	MD99-2275
114.5	196	6.98	MD99-2275
115.5	198	7.89	MD99-2275
116.5	200	7.59	MD99-2275
117.5	202	7.32	MD99-2275
118.5	204	6.82	MD99-2275
119.5	206	6.83	MD99-2275
120.5	208	6.82	MD99-2275
121.5	210	7.15	MD99-2275
122.5	212	7.01	MD99-2275
123.5	213	7.50	MD99-2275
124.5	215	6.56	MD99-2275
125.5	217	7.27	MD99-2275
126.5	219	7.45	MD99-2275
127.5	221	7.30	MD99-2275
128.5	223	7.66	MD99-2275
129.5	225	7.78	MD99-2275
130.5	227	7.19	MD99-2275
131.5	229	7.81	MD99-2275
132.5	231	7.48	MD99-2275
133.5	233	7.50	MD99-2275
134.5	236	7.71	MD99-2275
135.5	239	7.58	MD99-2275
136.5	242	8.16	MD99-2275
137.5	245	8.05	MD99-2275
138.5	248	7.40	MD99-2275
139.5	251	8.01	MD99-2275
140.5	255	7.70	MD99-2275
141.5	258	7.77	MD99-2275
142.5	261	7.65	MD99-2275
143.5	264	7.79	MD99-2275
144.5	267	7.96	MD99-2275
145.5	270	6.03	MD99-2275
146.5	273	6.97	MD99-2275
147.5	276	7.03	MD99-2275
148.5	279	7.44	MD99-2275
149.5	282	7.56	MD99-2275
150.5	285	6.65	MD99-2275
151.5	288	8.06	MD99-2275
152.5	291	7.36	MD99-2275
153.5	295	7.57	MD99-2275
154.5	298	7.68	MD99-2275
155.5	301	8.14	MD99-2275
156.5	304	8.40	MD99-2275
157.5	307	8.21	MD99-2275
158.5	310	7.38	MD99-2275
159.5	313	7.85	MD99-2275
160.5	316	7.93	MD99-2275
161.5	319	7.71	MD99-2275
162.5	322	8.21	MD99-2275
163.5	325	7.79	MD99-2275
164.5	328	7.82	MD99-2275
165.5	331	7.45	MD99-2275
166.5	335	7.29	MD99-2275
167.5	338	7.50	MD99-2275
168.5	341	7.93	MD99-2275
169.5	344	8.76	MD99-2275
170.5	347	9.28	MD99-2275
171.5	350	8.75	MD99-2275
172.5	353	8.68	MD99-2275
173.5	356	8.27	MD99-2275
174.5	359	7.86	MD99-2275
175.5	362	6.70	MD99-2275
176.5	368	7.68	MD99-2275
177.5	371	7.73	MD99-2275
178.5	375	8.26	MD99-2275
179.5	378	7.93	MD99-2275
180.5	381	7.88	MD99-2275
181.5	384	7.71	MD99-2275
182.5	387	6.58	MD99-2275
183.5	390	8.03	MD99-2275
184.5	393	8.07	MD99-2275
185.5	396	8.33	MD99-2275
186.5	399	8.38	MD99-2275
187.5	402	8.30	MD99-2275
188.5	405	6.93	MD99-2275
189.5	408	5.91	MD99-2275
190.5	411	6.70	MD99-2275
191.5	415	8.23	MD99-2275
192.5	418	7.81	MD99-2275
193.5	421	7.84	MD99-2275
194.5	424	8.43	MD99-2275
195.5	427	8.32	MD99-2275
196.5	430	8.37	MD99-2275
197.5	433	7.59	MD99-2275
198.5	436	7.22	MD99-2275
199.5	439	8.59	MD99-2275
200.5	442	8.31	MD99-2275
201.5	445	8.20	MD99-2275
202.5	448	7.34	MD99-2275
203.5	451	7.57	MD99-2275
204.5	455	7.88	MD99-2275
205.5	458	7.65	MD99-2275
206.5	461	7.93	MD99-2275
207.5	464	7.61	MD99-2275
208.5	467	7.52	MD99-2275
209.5	470	7.49	MD99-2275
210.5	473	7.84	MD99-2275
211.5	475	8.53	MD99-2275
212.5	477	8.02	MD99-2275
213.5	480	9.45	MD99-2275
214.5	482	8.38	MD99-2275
215.5	484	8.60	MD99-2275
216.5	486	9.60	MD99-2275
217.5	489	8.71	MD99-2275
218.5	491	8.01	MD99-2275
219.5	493	8.93	MD99-2275
220.5	495	7.11	MD99-2275
221.5	498	7.71	MD99-2275
222.5	500	8.11	MD99-2275
223.5	502	8.41	MD99-2275
224.5	504	7.62	MD99-2275
225.5	506	8.24	MD99-2275
226.5	509	7.69	MD99-2275
227.5	511	7.76	MD99-2275
228.5	513	7.96	MD99-2275
229.5	515	7.25	MD99-2275
230.5	518	7.23	MD99-2275
231.5	520	7.58	MD99-2275
232.5	522	7.51	MD99-2275
233.5	524	7.60	MD99-2275
234.5	527	7.09	MD99-2275
235.5	529	6.91	MD99-2275
236.5	531	7.95	MD99-2275
237.5	533	8.07	MD99-2275
238.5	536	8.66	MD99-2275
239.5	538	9.35	MD99-2275
240.5	540	8.07	MD99-2275
241.5	544	7.48	MD99-2275
242.5	547	7.96	MD99-2275
243.5	551	7.50	MD99-2275
244.5	555	7.95	MD99-2275
245.5	558	8.36	MD99-2275
246.5	562	7.42	MD99-2275
247.5	566	7.75	MD99-2275
248.5	569	7.21	MD99-2275
249.5	573	7.44	MD99-2275
250.5	577	8.31	MD99-2275
251.5	580	7.54	MD99-2275
252.5	584	7.13	MD99-2275
253.5	588	7.83	MD99-2275
254.5	591	8.07	MD99-2275
255.5	595	7.33	MD99-2275
256.5	599	7.49	MD99-2275
257.5	602	7.88	MD99-2275
258.5	606	7.27	MD99-2275
259.5	610	7.50	MD99-2275
260.5	613	8.42	MD99-2275
261.5	617	7.75	MD99-2275
262.5	621	8.42	MD99-2275
263.5	624	8.49	MD99-2275
264.5	628	8.99	MD99-2275
265.5	632	8.83	MD99-2275
266.5	635	8.59	MD99-2275
267.5	639	8.29	MD99-2275
268.5	643	9.16	MD99-2275
269.5	646	8.74	MD99-2275
270.5	650	9.00	MD99-2275
271.5	655	10.02	MD99-2275
272.5	661	8.49	MD99-2275
273.5	666	8.46	MD99-2275
274.5	672	9.02	MD99-2275
275.5	677	9.18	MD99-2275
276.5	683	8.91	MD99-2275
277.5	688	8.18	MD99-2275
278.5	694	8.37	MD99-2275
279.5	699	7.34	MD99-2275
280.5	704	7.85	MD99-2275
281.5	710	8.64	MD99-2275
282.5	715	8.90	MD99-2275
283.5	721	9.23	MD99-2275
284.5	726	8.75	MD99-2275
285.5	732	8.89	MD99-2275
286.5	737	8.30	MD99-2275
287.5	743	8.96	MD99-2275
288.5	748	9.15	MD99-2275
289.5	753	9.39	MD99-2275
290.5	759	8.98	MD99-2275
291.5	764	8.97	MD99-2275
292.5	770	8.69	MD99-2275
293.5	775	9.32	MD99-2275
294.5	781	8.86	MD99-2275
295.5	786	9.12	MD99-2275
296.5	792	8.72	MD99-2275
297.5	797	8.60	MD99-2275
298.5	802	8.71	MD99-2275
299.5	808	8.82	MD99-2275
300.5	813	8.84	MD99-2275
301.5	819	8.86	MD99-2275
302.5	824	8.84	MD99-2275
303.5	830	8.83	MD99-2275
304.5	835	8.72	MD99-2275
305.5	841	8.65	MD99-2275
306.5	846	9.03	MD99-2275
307.5	851	9.13	MD99-2275
308.5	856	9.02	MD99-2275
309.5	861	8.97	MD99-2275
310.5	866	9.00	MD99-2275
311.5	871	8.95	MD99-2275
312.5	876	9.30	MD99-2275
313.5	881	8.74	MD99-2275
314.5	887	8.94	MD99-2275
315.5	892	8.84	MD99-2275
316.5	897	9.45	MD99-2275
317.5	902	8.76	MD99-2275
318.5	907	9.19	MD99-2275
319.5	912	9.09	MD99-2275
320.5	917	9.20	MD99-2275
321.5	922	8.89	MD99-2275
322.5	927	8.83	MD99-2275
323.5	932	9.66	MD99-2275
324.5	937	9.42	MD99-2275
325.5	942	9.12	MD99-2275
326.5	947	8.94	MD99-2275
327.5	952	9.27	MD99-2275
328.5	957	8.96	MD99-2275
329.5	962	9.16	MD99-2275
330.5	968	8.71	MD99-2275
331.5	973	7.90	MD99-2275
332.5	978	8.51	MD99-2275
333.5	983	8.06	MD99-2275
334.5	988	8.33	MD99-2275
335.5	993	8.57	MD99-2275
336.5	998	7.64	MD99-2275
337.5	1004	8.20	MD99-2275
338.5	1009	8.80	MD99-2275
339.5	1014	7.90	MD99-2275
340.5	1019	7.90	MD99-2275
341.5	1024	8.60	MD99-2275
342.5	1029	8.60	MD99-2275
343.5	1034	8.00	MD99-2275
344.5	1039	7.20	MD99-2275
345.5	1045	7.70	MD99-2275
346.5	1050	8.30	MD99-2275
347.5	1055	8.10	MD99-2275
348.5	1060	7.80	MD99-2275
349.5	1065	8.20	MD99-2275
350.5	1070	7.70	MD99-2275
351.5	1075	8.60	MD99-2275
352.5	1080	8.20	MD99-2275
353.5	1085	6.80	MD99-2275
354.5	1091	8.20	MD99-2275
355.5	1096	8.30	MD99-2275
356.5	1101	8.40	MD99-2275
357.5	1107	8.40	MD99-2275
358.5	1112	7.90	MD99-2275
359.5	1117	8.60	MD99-2275
360.5	1123	8.20	MD99-2275
361.5	1128	8.50	MD99-2275
362.5	1133	8.50	MD99-2275
363.5	1139	8.10	MD99-2275
364.5	1144	8.40	MD99-2275
365.5	1149	7.90	MD99-2275
366.5	1155	7.60	MD99-2275
367.5	1160	7.90	MD99-2275
368.5	1165	7.30	MD99-2275
369.5	1171	7.90	MD99-2275
370.5	1176	7.30	MD99-2275
371.5	1181	8.30	MD99-2275
372.5	1187	7.80	MD99-2275
373.5	1192	7.90	MD99-2275
374.5	1197	8.10	MD99-2275
375.5	1203	8.00	MD99-2275
376.5	1208	8.30	MD99-2275
377.5	1213	8.10	MD99-2275
378.5	1219	7.90	MD99-2275
379.5	1224	8.20	MD99-2275
380.5	1229	8.10	MD99-2275
381.5	1235	7.50	MD99-2275
382.5	1240	7.70	MD99-2275
383.5	1245	7.90	MD99-2275
384.5	1251	8.10	MD99-2275
385.5	1256	7.60	MD99-2275
386.5	1261	7.30	MD99-2275
387.5	1267	7.80	MD99-2275
388.5	1272	7.80	MD99-2275
389.5	1277	7.60	MD99-2275
390.5	1283	8.00	MD99-2275
391.5	1288	7.90	MD99-2275
392.5	1293	7.80	MD99-2275
393.5	1299	8.10	MD99-2275
394.5	1304	8.20	MD99-2275
395.5	1309	6.70	MD99-2275
396.5	1315	6.10	MD99-2275
397.5	1320	7.60	MD99-2275
398.5	1325	8.50	MD99-2275
399.5	1331	8.80	MD99-2275
400.5	1336	8.40	MD99-2275
401.5	1341	8.90	MD99-2275
402.5	1347	8.10	MD99-2275
403.5	1352	8.30	MD99-2275
404.5	1357	8.00	MD99-2275
405.5	1363	7.60	MD99-2275
406.5	1368	8.30	MD99-2275
407.5	1373	8.20	MD99-2275
408.5	1379	7.10	MD99-2275
409.5	1384	8.40	MD99-2275
410.5	1389	8.20	MD99-2275
411.5	1395	9.70	MD99-2275
412.5	1400	8.40	MD99-2275
413.5	1405	8.70	MD99-2275
414.5	1411	8.70	MD99-2275
415.5	1416	8.90	MD99-2275
416.5	1421	7.90	MD99-2275
417.5	1427	9.80	MD99-2275
418.5	1432	8.30	MD99-2275
419.5	1437	8.40	MD99-2275
420.5	1443	8.30	MD99-2275
421.5	1448	8.50	MD99-2275
422.5	1453	8.10	MD99-2275
423.5	1458	8.50	MD99-2275
424.5	1464	8.40	MD99-2275
425.5	1469	7.90	MD99-2275
426.5	1474	8.20	MD99-2275
427.5	1480	8.30	MD99-2275
428.5	1485	8.30	MD99-2275
429.5	1490	8.50	MD99-2275
430.5	1496	8.20	MD99-2275
431.5	1501	8.20	MD99-2275
432.5	1506	8.50	MD99-2275
433.5	1512	8.30	MD99-2275
434.5	1517	8.00	MD99-2275
435.5	1522	8.10	MD99-2275
436.5	1528	8.10	MD99-2275
437.5	1533	8.20	MD99-2275
438.5	1538	7.90	MD99-2275
439.5	1544	8.40	MD99-2275
440.5	1549	8.10	MD99-2275
441.5	1554	9.30	MD99-2275
442.5	1560	8.90	MD99-2275
443.5	1565	8.20	MD99-2275
444.5	1570	8.50	MD99-2275
445.5	1576	8.40	MD99-2275
446.5	1581	8.30	MD99-2275
447.5	1586	8.30	MD99-2275
448.5	1592	8.40	MD99-2275
449.5	1597	8.20	MD99-2275
450.5	1602	8.30	MD99-2275
451.5	1608	8.50	MD99-2275
452.5	1613	8.10	MD99-2275
453.5	1618	6.60	MD99-2275
454.5	1624	7.50	MD99-2275
455.5	1629	8.10	MD99-2275
456.5	1634	8.30	MD99-2275
457.5	1640	7.40	MD99-2275
458.5	1645	8.10	MD99-2275
459.5	1650	7.80	MD99-2275
460.5	1656	8.30	MD99-2275
461.5	1661	8.20	MD99-2275
462.5	1666	8.00	MD99-2275
463.5	1672	8.10	MD99-2275
464.5	1677	8.40	MD99-2275
465.5	1682	9.90	MD99-2275
466.5	1688	8.00	MD99-2275
467.5	1693	7.60	MD99-2275
468.5	1698	10.50	MD99-2275
469.5	1704	7.90	MD99-2275
470.5	1709	8.20	MD99-2275
471.5	1714	7.90	MD99-2275
472.5	1720	8.10	MD99-2275
473.5	1725	8.20	MD99-2275
474.5	1730	8.20	MD99-2275
475.5	1736	8.80	MD99-2275
476.5	1741	7.70	MD99-2275
477.5	1746	8.40	MD99-2275
478.5	1752	8.20	MD99-2275
479.5	1757	8.20	MD99-2275
480.5	1762	7.50	MD99-2275
481.5	1768	6.40	MD99-2275
482.5	1773	7.70	MD99-2275
483.5	1778	8.60	MD99-2275
484.5	1784	8.70	MD99-2275
485.5	1789	7.80	MD99-2275
486.5	1800	9.00	MD99-2275
487.5	1805	8.20	MD99-2275
488.5	1810	8.20	MD99-2275
489.5	1816	8.70	MD99-2275
490.5	1821	8.30	MD99-2275
491.5	1826	9.10	MD99-2275
492.5	1831	8.50	MD99-2275
493.5	1836	8.50	MD99-2275
494.5	1841	8.60	MD99-2275
495.5	1847	8.40	MD99-2275
496.5	1852	8.80	MD99-2275
497.5	1857	8.60	MD99-2275
498.5	1862	9.70	MD99-2275
499.5	1867	9.30	MD99-2275
500.5	1872	9.10	MD99-2275
501.5	1877	8.80	MD99-2275
502.5	1882	9.10	MD99-2275
503.5	1887	8.80	MD99-2275
504.5	1893	8.30	MD99-2275
505.5	1898	9.60	MD99-2275
506.5	1908	7.90	MD99-2275
507.5	1913	8.30	MD99-2275
508.5	1918	8.20	MD99-2275
509.5	1923	8.40	MD99-2275
510.5	1928	9.00	MD99-2275
511.5	1934	9.50	MD99-2275
512.5	1939	7.80	MD99-2275
513.5	1944	8.70	MD99-2275
514.5	1949	8.80	MD99-2275
515.5	1954	9.10	MD99-2275
516.5	1959	8.70	MD99-2275
517.5	1964	7.00	MD99-2275
518.5	1969	8.20	MD99-2275
519.5	1974	8.70	MD99-2275
520.5	1980	8.00	MD99-2275
521.5	1990	7.60	MD99-2275
522.5	1995	8.70	MD99-2275
523.5	2000	8.00	MD99-2275
524.5	2005	7.10	MD99-2275
525.5	2010	7.80	MD99-2275
526.5	2015	8.40	MD99-2275
527.5	2021	8.70	MD99-2275
528.5	2026	7.30	MD99-2275
529.5	2030	NA	MD99-2275
530.5	2036	8.99	MD99-2275
531.5	2041	8.79	MD99-2275
532.5	2046	9.63	MD99-2275
533.5	2051	8.98	MD99-2275
534.5	2056	8.70	MD99-2275
535.5	2061	8.70	MD99-2275
536.5	2066	8.81	MD99-2275
537.5	2071	8.76	MD99-2275
538.5	2077	8.74	MD99-2275
539.5	2082	9.22	MD99-2275
540.5	2089	8.65	MD99-2275
541.5	2097	8.73	MD99-2275
542.5	2102	9.80	MD99-2275
543.5	2107	9.77	MD99-2275
544.5	2112	9.56	MD99-2275
545.5	2117	9.84	MD99-2275
546.5	2123	9.10	MD99-2275
547.5	2128	8.80	MD99-2275
548.5	2133	8.85	MD99-2275
549.5	2138	8.37	MD99-2275
550.5	2143	8.89	MD99-2275
551.5	2148	9.57	MD99-2275
552.5	2153	9.74	MD99-2275
553.5	2158	10.55	MD99-2275
554.5	2164	8.73	MD99-2275
555.5	2169	9.18	MD99-2275
556.5	2174	8.51	MD99-2275
557.5	2179	8.50	MD99-2275
558.5	2184	8.79	MD99-2275
559.5	2189	9.39	MD99-2275
560.5	2194	9.44	MD99-2275
561.5	2199	9.93	MD99-2275
562.5	2204	10.59	MD99-2275
563.5	2210	11.12	MD99-2275
564.5	2215	8.84	MD99-2275
565.5	2220	9.65	MD99-2275
566.5	2225	9.06	MD99-2275
567.5	2230	8.48	MD99-2275
568.5	2235	8.32	MD99-2275
569.5	2240	8.42	MD99-2275
570.5	2245	8.76	MD99-2275
571.5	2251	NA	MD99-2275
572.5	2256	8.81	MD99-2275
573.5	2261	9.73	MD99-2275
574.5	2266	9.37	MD99-2275
575.5	2271	9.37	MD99-2275
576.5	2276	9.12	MD99-2275
577.5	2281	9.27	MD99-2275
578.5	2286	9.43	MD99-2275
579.5	2292	9.64	MD99-2275
580.5	2297	8.67	MD99-2275
581.5	2302	10.18	MD99-2275
582.5	2307	9.23	MD99-2275
583.5	2312	9.22	MD99-2275
584.5	2317	9.40	MD99-2275
585.5	2322	9.47	MD99-2275
586.5	2327	8.80	MD99-2275
587.5	2332	8.33	MD99-2275
588.5	2338	8.56	MD99-2275
589.5	2343	9.41	MD99-2275
590.5	2348	8.66	MD99-2275
591.5	2353	NA	MD99-2275
592.5	2358	NA	MD99-2275
593.5	2363	NA	MD99-2275
594.5	2368	NA	MD99-2275
595.5	2373	6.99	MD99-2275
596.5	2379	7.75	MD99-2275
597.5	2384	9.13	MD99-2275
598.5	2389	9.59	MD99-2275
599.5	2394	10.10	MD99-2275
600.5	2399	9.39	MD99-2275
601.5	2404	9.26	MD99-2275
602.5	2409	8.89	MD99-2275
603.5	2414	9.01	MD99-2275
604.5	2419	9.59	MD99-2275
605.5	2425	9.43	MD99-2275
606.5	2430	9.45	MD99-2275
607.5	2435	9.58	MD99-2275
608.5	2440	9.41	MD99-2275
609.5	2445	9.03	MD99-2275
610.5	2450	9.14	MD99-2275
611.5	2455	9.05	MD99-2275
612.5	2460	8.90	MD99-2275
613.5	2466	10.08	MD99-2275
614.5	2471	11.12	MD99-2275
615.5	2476	9.20	MD99-2275
616.5	2481	9.63	MD99-2275
617.5	2486	9.62	MD99-2275
618.5	2491	9.39	MD99-2275
619.5	2496	9.33	MD99-2275
620.5	2501	9.77	MD99-2275
621.5	2506	10.24	MD99-2275
622.5	2512	10.35	MD99-2275
623.5	2517	10.85	MD99-2275
624.5	2522	11.07	MD99-2275
625.5	2527	10.29	MD99-2275
626.5	2532	10.45	MD99-2275
627.5	2537	9.52	MD99-2275
628.5	2542	7.86	MD99-2275
629.5	2547	8.81	MD99-2275
630.5	2553	8.56	MD99-2275
631.5	2558	8.87	MD99-2275
632.5	2563	9.82	MD99-2275
633.5	2568	8.27	MD99-2275
634.5	2573	8.47	MD99-2275
635.5	2578	10.07	MD99-2275
636.5	2583	6.65	MD99-2275
637.5	2588	10.16	MD99-2275
638.5	2594	9.95	MD99-2275
639.5	2599	10.58	MD99-2275
640.5	2604	7.12	MD99-2275
641.5	2609	10.90	MD99-2275
642.5	2614	8.15	MD99-2275
643.5	2619	10.00	MD99-2275
644.5	2624	8.31	MD99-2275
645.5	2629	9.83	MD99-2275
646.5	2634	7.57	MD99-2275
647.5	2640	9.76	MD99-2275
648.5	2645	8.17	MD99-2275
649.5	2650	9.88	MD99-2275
650.5	2655	8.89	MD99-2275
651.5	2660	9.26	MD99-2275
652.5	2665	8.27	MD99-2275
653.5	2670	9.45	MD99-2275
654.5	2675	9.60	MD99-2275
655.5	2681	9.27	MD99-2275
656.5	2686	8.79	MD99-2275
657.5	2691	8.93	MD99-2275
658.5	2701	8.18	MD99-2275
659.5	2706	9.76	MD99-2275
660.5	2711	9.08	MD99-2275
661.5	2716	8.79	MD99-2275
662.5	2721	9.08	MD99-2275
663.5	2727	10.46	MD99-2275
664.5	2732	10.38	MD99-2275
665.5	2737	10.64	MD99-2275
666.5	2742	10.19	MD99-2275
667.5	2747	9.97	MD99-2275
668.5	2752	9.80	MD99-2275
669.5	2757	9.79	MD99-2275
670.5	2762	9.99	MD99-2275
671.5	2768	9.66	MD99-2275
672.5	2773	11.09	MD99-2275
673.5	2778	10.10	MD99-2275
674.5	2788	9.87	MD99-2275
675.5	2793	9.71	MD99-2275
676.5	2798	8.69	MD99-2275
677.5	2803	9.32	MD99-2275
678.5	2809	8.13	MD99-2275
679.5	2814	9.46	MD99-2275
680.5	2819	8.77	MD99-2275
681.5	2824	9.49	MD99-2275
682.5	2829	8.76	MD99-2275
683.5	2834	9.65	MD99-2275
684.5	2839	9.15	MD99-2275
685.5	2844	8.02	MD99-2275
686.5	2849	9.31	MD99-2275
687.5	2855	10.28	MD99-2275
688.5	2860	9.16	MD99-2275
689.5	2865	9.41	MD99-2275
690.5	2870	8.71	MD99-2275
691.5	2875	9.71	MD99-2275
692.5	2885	10.19	MD99-2275
693.5	2890	7.23	MD99-2275
694.5	2896	8.39	MD99-2275
695.5	2901	8.30	MD99-2275
696.5	2906	8.22	MD99-2275
697.5	2911	8.11	MD99-2275
698.5	2916	9.39	MD99-2275
699.5	2921	7.73	MD99-2275
700.5	2926	9.67	MD99-2275
701.5	2931	8.55	MD99-2275
702.5	2936	9.08	MD99-2275
703.5	2942	8.17	MD99-2275
704.5	2947	9.60	MD99-2275
705.5	2952	8.77	MD99-2275
706.5	2957	8.95	MD99-2275
707.5	2962	8.76	MD99-2275
708.5	2967	9.04	MD99-2275
709.5	2972	7.91	MD99-2275
710.5	2977	9.36	MD99-2275
711.5	2982	7.88	MD99-2275
712.5	2987	8.84	MD99-2275
713.5	2992	8.03	MD99-2275
714.5	2997	6.95	MD99-2275
715.5	3002	9.15	MD99-2275
716.5	3006	8.66	MD99-2275
717.5	3011	8.90	MD99-2275
718.5	3016	9.88	MD99-2275
719.5	3021	8.23	MD99-2275
720.5	3026	9.53	MD99-2275
721.5	3030	8.91	MD99-2275
722.5	3035	9.96	MD99-2275
723.5	3040	8.50	MD99-2275
724.5	3045	9.50	MD99-2275
725.5	3050	8.79	MD99-2275
726.5	3054	10.21	MD99-2275
727.5	3059	9.65	MD99-2275
728.5	3064	8.90	MD99-2275
729.5	3069	9.22	MD99-2275
730.5	3074	9.55	MD99-2275
731.5	3078	8.76	MD99-2275
732.5	3083	10.51	MD99-2275
733.5	3088	9.59	MD99-2275
734.5	3093	9.36	MD99-2275
735.5	3098	9.72	MD99-2275
736.5	3102	9.56	MD99-2275
737.5	3107	9.27	MD99-2275
738.5	3112	9.08	MD99-2275
739.5	3117	8.49	MD99-2275
740.5	3122	8.66	MD99-2275
741.5	3126	9.08	MD99-2275
742.5	3131	8.85	MD99-2275
743.5	3136	8.21	MD99-2275
744.5	3141	8.62	MD99-2275
745.5	3146	7.75	MD99-2275
746.5	3151	8.29	MD99-2275
747.5	3155	8.68	MD99-2275
748.5	3160	7.80	MD99-2275
749.5	3165	8.26	MD99-2275
750.5	3170	10.76	MD99-2275
751.5	3175	8.58	MD99-2275
752.5	3179	9.13	MD99-2275
753.5	3184	8.22	MD99-2275
754.5	3189	9.09	MD99-2275
755.5	3194	9.96	MD99-2275
756.5	3199	9.11	MD99-2275
757.5	3203	9.14	MD99-2275
758.5	3208	8.52	MD99-2275
759.5	3213	8.93	MD99-2275
760.5	3218	9.43	MD99-2275
761.5	3223	8.65	MD99-2275
762.5	3227	10.25	MD99-2275
763.5	3232	8.90	MD99-2275
764.5	3237	8.78	MD99-2275
765.5	3242	8.96	MD99-2275
766.5	3247	9.23	MD99-2275
767.5	3251	7.87	MD99-2275
768.5	3256	9.49	MD99-2275
769.5	3261	8.81	MD99-2275
770.5	3266	9.23	MD99-2275
771.5	3271	8.13	MD99-2275
772.5	3275	7.29	MD99-2275
773.5	3280	8.68	MD99-2275
774.5	3285	8.50	MD99-2275
775.5	3285	8.06	MD99-2275
776.5	3290	7.52	MD99-2275
777.5	3295	8.60	MD99-2275
778.5	3299	7.67	MD99-2275
779.5	3304	8.16	MD99-2275
780.5	3309	8.47	MD99-2275
781.5	3314	NA	MD99-2275
782.5	3319	7.90	MD99-2275
783.5	3323	8.78	MD99-2275
784.5	3328	8.37	MD99-2275
785.5	3333	8.18	MD99-2275
786.5	3338	8.81	MD99-2275
787.5	3343	9.15	MD99-2275
788.5	3347	8.63	MD99-2275
789.5	3352	7.94	MD99-2275
790.5	3357	7.82	MD99-2275
791.5	3362	7.76	MD99-2275
792.5	3367	8.45	MD99-2275
793.5	3371	8.10	MD99-2275
794.5	3376	8.44	MD99-2275
795.5	3381	8.55	MD99-2275
796.5	3386	8.67	MD99-2275
797.5	3391	8.33	MD99-2275
798.5	3395	8.93	MD99-2275
799.5	3400	8.99	MD99-2275
800.5	3405	9.02	MD99-2275
801.5	3410	8.32	MD99-2275
802.5	3415	8.78	MD99-2275
803.5	3419	7.51	MD99-2275
804.5	3424	7.79	MD99-2275
805.5	3429	7.99	MD99-2275
806.5	3434	8.39	MD99-2275
807.5	3439	8.65	MD99-2275
808.5	3444	8.27	MD99-2275
809.5	3448	8.64	MD99-2275
810.5	3453	8.22	MD99-2275
811.5	3458	8.72	MD99-2275
812.5	3463	8.52	MD99-2275
813.5	3468	8.75	MD99-2275
814.5	3472	9.01	MD99-2275
815.5	3477	8.62	MD99-2275
816.5	3482	8.64	MD99-2275
817.5	3487	9.13	MD99-2275
818.5	3492	9.88	MD99-2275
819.5	3496	8.80	MD99-2275
820.5	3501	8.63	MD99-2275
821.5	3506	9.10	MD99-2275
822.5	3511	NA	MD99-2275
823.5	3516	9.25	MD99-2275
824.5	3520	9.51	MD99-2275
825.5	3525	10.47	MD99-2275
826.5	3530	10.01	MD99-2275
827.5	3535	9.45	MD99-2275
828.5	3540	9.16	MD99-2275
829.5	3544	9.28	MD99-2275
830.5	3549	8.84	MD99-2275
831.5	3554	8.67	MD99-2275
832.5	3559	9.15	MD99-2275
833.5	3564	8.72	MD99-2275
834.5	3568	7.36	MD99-2275
835.5	3573	8.83	MD99-2275
836.5	3578	8.82	MD99-2275
837.5	3583	7.63	MD99-2275
838.5	3588	9.45	MD99-2275
839.5	3592	9.04	MD99-2275
840.5	3597	9.05	MD99-2275
841.5	3602	8.81	MD99-2275
842.5	3607	9.03	MD99-2275
843.5	3612	9.52	MD99-2275
844.5	3616	8.72	MD99-2275
845.5	3621	7.88	MD99-2275
846.5	3626	8.67	MD99-2275
847.5	3631	8.55	MD99-2275
848.5	3636	8.35	MD99-2275
849.5	3640	7.49	MD99-2275
850.5	3645	7.85	MD99-2275
851.5	3650	7.74	MD99-2275
852.5	3655	8.37	MD99-2275
853.5	3660	8.45	MD99-2275
854.5	3664	9.24	MD99-2275
855.5	3669	8.20	MD99-2275
856.5	3674	8.88	MD99-2275
857.5	3679	9.41	MD99-2275
858.5	3684	8.44	MD99-2275
859.5	3688	8.65	MD99-2275
860.5	3693	10.70	MD99-2275
861.5	3698	8.29	MD99-2275
862.5	3703	8.15	MD99-2275
863.5	3708	9.28	MD99-2275
864.5	3712	8.48	MD99-2275
865.5	3717	8.44	MD99-2275
866.5	3722	8.55	MD99-2275
867.5	3727	8.03	MD99-2275
868.5	3732	7.85	MD99-2275
869.5	3736	7.85	MD99-2275
870.5	3741	7.66	MD99-2275
871.5	3746	7.67	MD99-2275
872.5	3751	8.11	MD99-2275
873.5	3756	8.38	MD99-2275
874.5	3761	8.17	MD99-2275
875.5	3765	8.31	MD99-2275
876.5	3770	7.81	MD99-2275
877.5	3775	7.75	MD99-2275
878.5	3780	7.93	MD99-2275
879.5	3785	8.02	MD99-2275
880.5	3789	8.34	MD99-2275
881.5	3794	8.17	MD99-2275
882.5	3799	8.48	MD99-2275
883.5	3804	8.16	MD99-2275
884.5	3809	8.66	MD99-2275
885.5	3813	9.07	MD99-2275
886.5	3818	8.89	MD99-2275
887.5	3823	8.96	MD99-2275
888.5	3828	8.52	MD99-2275
889.5	3833	8.85	MD99-2275
890.5	3837	9.01	MD99-2275
891.5	3842	8.70	MD99-2275
892.5	3847	8.15	MD99-2275
893.5	3852	8.01	MD99-2275
894.5	3857	8.02	MD99-2275
895.5	3861	8.42	MD99-2275
896.5	3866	8.73	MD99-2275
897.5	3871	8.66	MD99-2275
898.5	3876	8.70	MD99-2275
899.5	3881	8.72	MD99-2275
900.5	3885	9.57	MD99-2275
901.5	3890	9.03	MD99-2275
902.5	3895	9.36	MD99-2275
903.5	3900	8.50	MD99-2275
904.5	3905	9.94	MD99-2275
905.5	3909	8.15	MD99-2275
906.5	3914	8.30	MD99-2275
907.5	3919	8.66	MD99-2275
908.5	3924	9.06	MD99-2275
909.5	3929	8.94	MD99-2275
910.5	3933	8.76	MD99-2275
911.5	3938	8.47	MD99-2275
912.5	3943	8.67	MD99-2275
913.5	3948	8.76	MD99-2275
914.5	3953	8.65	MD99-2275
915.5	3957	8.94	MD99-2275
916.5	3962	9.24	MD99-2275
917.5	3967	8.92	MD99-2275
918.5	3972	8.51	MD99-2275
919.5	3977	9.15	MD99-2275
920.5	3981	9.05	MD99-2275
921.5	3986	9.05	MD99-2275
922.5	3991	9.04	MD99-2275
923.5	3996	8.84	MD99-2275
924.5	4001	9.27	MD99-2275
925.5	4005	7.70	MD99-2275
926.5	4010	7.73	MD99-2275
927.5	4015	8.41	MD99-2275
928.5	4020	9.30	MD99-2275
929.5	4025	8.44	MD99-2275
930.5	4029	9.02	MD99-2275
931.5	4034	8.66	MD99-2275
932.5	4039	8.44	MD99-2275
933.5	4044	8.42	MD99-2275
934.5	4049	6.75	MD99-2275
935.5	4054	7.72	MD99-2275
936.5	4058	7.11	MD99-2275
937.5	4063	7.18	MD99-2275
938.5	4068	6.82	MD99-2275
939.5	4073	7.29	MD99-2275
940.5	4078	7.86	MD99-2275
941.5	4082	7.63	MD99-2275
942.5	4087	7.22	MD99-2275
943.5	4092	7.75	MD99-2275
944.5	4097	7.69	MD99-2275
945.5	4102	7.26	MD99-2275
946.5	4106	7.70	MD99-2275
947.5	4111	6.86	MD99-2275
948.5	4116	6.96	MD99-2275
949.5	4121	8.58	MD99-2275
950.5	4126	7.39	MD99-2275
951.5	4130	8.60	MD99-2275
952.5	4135	8.38	MD99-2275
953.5	4140	8.54	MD99-2275
954.5	4145	NA	MD99-2275
955.5	4150	9.14	MD99-2275
956.5	4154	8.73	MD99-2275
957.5	4159	8.80	MD99-2275
958.5	4164	8.92	MD99-2275
959.5	4169	8.89	MD99-2275
960.5	4174	9.07	MD99-2275
961.5	4178	9.51	MD99-2275
962.5	4183	9.31	MD99-2275
963.5	4188	8.99	MD99-2275
964.5	4193	8.34	MD99-2275
965.5	4198	8.45	MD99-2275
966.5	4202	8.48	MD99-2275
967.5	4207	7.51	MD99-2275
968.5	4212	8.63	MD99-2275
969.5	4217	8.11	MD99-2275
970.5	4222	8.46	MD99-2275
971.5	4226	8.52	MD99-2275
972.5	4231	8.45	MD99-2275
973.5	4236	8.48	MD99-2275
974.5	4241	7.55	MD99-2275
975.5	4245	8.21	MD99-2275
976.5	4250	8.77	MD99-2275
977.5	4255	8.88	MD99-2275
978.5	4260	9.12	MD99-2275
979.5	4265	7.62	MD99-2275
980.5	4269	8.39	MD99-2275
981.5	4274	8.90	MD99-2275
982.5	4279	8.69	MD99-2275
983.5	4284	8.55	MD99-2275
984.5	4289	7.73	MD99-2275
985.5	4293	8.73	MD99-2275
986.5	4298	8.53	MD99-2275
987.5	4303	8.41	MD99-2275
988.5	4308	7.14	MD99-2275
989.5	4313	8.21	MD99-2275
990.5	4317	8.60	MD99-2275
991.5	4322	8.42	MD99-2275
992.5	4327	8.28	MD99-2275
993.5	4332	8.10	MD99-2275
994.5	4336	8.23	MD99-2275
995.5	4341	8.45	MD99-2275
996.5	4346	8.43	MD99-2275
997.5	4351	8.27	MD99-2275
998.5	4356	9.10	MD99-2275
999.5	4360	9.22	MD99-2275
1000.5	4365	8.64	MD99-2275
1001.5	4370	8.91	MD99-2275
1002.5	4375	8.47	MD99-2275
1003.5	4380	8.32	MD99-2275
1004.5	4384	8.48	MD99-2275
1005.5	4389	8.24	MD99-2275
1006.5	4394	8.44	MD99-2275
1007.5	4399	8.29	MD99-2275
1008.5	4403	8.53	MD99-2275
1009.5	4408	8.84	MD99-2275
1010.5	4413	8.41	MD99-2275
1011.5	4418	9.10	MD99-2275
1012.5	4423	9.22	MD99-2275
1013.5	4427	9.04	MD99-2275
1014.5	4432	9.16	MD99-2275
1015.5	4437	8.94	MD99-2275
1016.5	4442	9.03	MD99-2275
1017.5	4447	9.18	MD99-2275
1018.5	4451	9.10	MD99-2275
1019.5	4456	8.63	MD99-2275
1020.5	4461	9.30	MD99-2275
1021.5	4466	9.17	MD99-2275
1022.5	4470	9.09	MD99-2275
1023.5	4475	9.39	MD99-2275
1024.5	4480	9.15	MD99-2275
1025.5	4485	9.01	MD99-2275
1026.5	4490	9.22	MD99-2275
1027.5	4494	8.00	MD99-2275
1028.5	4499	9.07	MD99-2275
1029.5	4504	9.23	MD99-2275
1030.5	4509	8.82	MD99-2275
1031.5	4514	8.60	MD99-2275
1032.5	4518	8.39	MD99-2275
1033.5	4523	8.43	MD99-2275
1034.5	4528	8.96	MD99-2275
1035.5	4533	9.14	MD99-2275
1036.5	4538	8.85	MD99-2275
1037.5	4542	8.91	MD99-2275
1038.5	4547	8.87	MD99-2275
1039.5	4552	8.78	MD99-2275
1040.5	4557	8.79	MD99-2275
1041.5	4561	8.55	MD99-2275
1042.5	4566	9.12	MD99-2275
1043.5	4571	8.51	MD99-2275
1044.5	4576	9.14	MD99-2275
1045.5	4581	NA	MD99-2275
1046.5	4585	NA	MD99-2275
1047.5	4590	NA	MD99-2275
1048.5	4595	NA	MD99-2275
1049.5	4600	11.30	MD99-2275
1050.5	4605	9.59	MD99-2275
1051.5	4609	8.70	MD99-2275
1052.5	4614	8.88	MD99-2275
1053.5	4619	8.93	MD99-2275
1054.5	4624	7.66	MD99-2275
1055.5	4628	8.81	MD99-2275
1056.5	4633	8.93	MD99-2275
1057.5	4638	8.59	MD99-2275
1058.5	4643	9.19	MD99-2275
1059.5	4648	9.15	MD99-2275
1060.5	4652	9.16	MD99-2275
1061.5	4657	9.07	MD99-2275
1062.5	4662	10.06	MD99-2275
1063.5	4667	NA	MD99-2275
1064.5	4672	9.25	MD99-2275
1065.5	4676	9.16	MD99-2275
1066.5	4681	8.64	MD99-2275
1067.5	4686	8.89	MD99-2275
1068.5	4691	9.77	MD99-2275
1069.5	4695	9.30	MD99-2275
1070.5	4700	9.64	MD99-2275
1071.5	4705	9.16	MD99-2275
1072.5	4710	8.98	MD99-2275
1073.5	4715	8.98	MD99-2275
1074.5	4719	8.46	MD99-2275
1075.5	4724	8.00	MD99-2275
1076.5	4729	8.62	MD99-2275
1077.5	4734	8.60	MD99-2275
1078.5	4739	8.48	MD99-2275
1079.5	4743	8.78	MD99-2275
1080.5	4748	7.81	MD99-2275
1081.5	4753	8.25	MD99-2275
1082.5	4758	8.45	MD99-2275
1083.5	4763	8.63	MD99-2275
1084.5	4767	8.50	MD99-2275
1085.5	4772	8.16	MD99-2275
1086.5	4777	8.23	MD99-2275
1087.5	4782	8.00	MD99-2275
1088.5	4786	8.02	MD99-2275
1089.5	4791	8.33	MD99-2275
1090.5	4796	8.78	MD99-2275
1091.5	4801	8.62	MD99-2275
1092.5	4806	8.83	MD99-2275
1093.5	4810	8.82	MD99-2275
1094.5	4815	8.40	MD99-2275
1095.5	4820	8.84	MD99-2275
1096.5	4825	8.89	MD99-2275
1097.5	4830	8.83	MD99-2275
1098.5	4834	8.81	MD99-2275
1099.5	4839	8.29	MD99-2275
1100.5	4844	7.99	MD99-2275
1101.5	4849	8.03	MD99-2275
1102.5	4853	8.50	MD99-2275
1103.5	4858	8.33	MD99-2275
1104.5	4863	8.46	MD99-2275
1105.5	4868	8.38	MD99-2275
1106.5	4873	7.99	MD99-2275
1107.5	4877	8.09	MD99-2275
1108.5	4882	7.81	MD99-2275
1109.5	4887	8.50	MD99-2275
1110.5	4892	8.65	MD99-2275
1111.5	4897	8.28	MD99-2275
1112.5	4901	8.85	MD99-2275
1113.5	4906	8.99	MD99-2275
1114.5	4911	8.35	MD99-2275
1115.5	4916	7.91	MD99-2275
1116.5	4920	8.13	MD99-2275
1117.5	4925	8.40	MD99-2275
1118.5	4930	8.90	MD99-2275
1119.5	4935	8.38	MD99-2275
1120.5	4940	8.11	MD99-2275
1121.5	4944	7.39	MD99-2275
1122.5	4949	8.46	MD99-2275
1123.5	4954	8.20	MD99-2275
1124.5	4959	7.75	MD99-2275
1125.5	4964	8.32	MD99-2275
1126.5	4968	8.48	MD99-2275
1127.5	4973	9.02	MD99-2275
1128.5	4978	8.82	MD99-2275
1129.5	4983	8.53	MD99-2275
1130.5	4988	NA	MD99-2275
1131.5	4992	9.04	MD99-2275
1132.5	4997	9.16	MD99-2275
1133.5	5002	8.94	MD99-2275
1134.5	5007	8.92	MD99-2275
1135.5	5011	8.84	MD99-2275
1136.5	5016	8.84	MD99-2275
1137.5	5021	8.86	MD99-2275
1138.5	5026	8.38	MD99-2275
1139.5	5031	9.04	MD99-2275
1140.5	5035	8.80	MD99-2275
1141.5	5040	9.60	MD99-2275
1142.5	5045	9.06	MD99-2275
1143.5	5050	10.34	MD99-2275
1144.5	5055	10.13	MD99-2275
1145.5	5059	10.17	MD99-2275
1146.5	5064	10.17	MD99-2275
1147.5	5069	8.64	MD99-2275
1148.5	5074	9.32	MD99-2275
1149.5	5078	7.07	MD99-2275
1150.5	5083	8.36	MD99-2275
1151.5	5088	8.79	MD99-2275
1152.5	5093	8.41	MD99-2275
1153.5	5098	7.48	MD99-2275
1154.5	5102	8.51	MD99-2275
1155.5	5107	8.39	MD99-2275
1156.5	5112	8.56	MD99-2275
1157.5	5117	6.71	MD99-2275
1158.5	5122	8.01	MD99-2275
1159.5	5126	7.74	MD99-2275
1160.5	5131	7.95	MD99-2275
1161.5	5136	8.30	MD99-2275
1162.5	5141	8.66	MD99-2275
1163.5	5145	9.16	MD99-2275
1164.5	5150	7.88	MD99-2275
1165.5	5155	8.77	MD99-2275
1166.5	5160	7.79	MD99-2275
1167.5	5165	8.70	MD99-2275
1168.5	5169	9.06	MD99-2275
1169.5	5174	8.80	MD99-2275
1170.5	5179	8.69	MD99-2275
1171.5	5184	NA	MD99-2275
1172.5	5189	8.33	MD99-2275
1173.5	5193	8.25	MD99-2275
1174.5	5198	7.90	MD99-2275
1175.5	5203	8.43	MD99-2275
1176.5	5208	8.67	MD99-2275
1177.5	5213	NA	MD99-2275
1178.5	5217	NA	MD99-2275
1179.5	5222	NA	MD99-2275
1180.5	5227	NA	MD99-2275
1181.5	5232	8.80	MD99-2275
1182.5	5236	8.08	MD99-2275
1183.5	5241	NA	MD99-2275
1184.5	5246	8.72	MD99-2275
1185.5	5251	8.46	MD99-2275
1186.5	5256	7.75	MD99-2275
1187.5	5260	7.82	MD99-2275
1188.5	5265	7.60	MD99-2275
1189.5	5270	8.04	MD99-2275
1190.5	5275	7.80	MD99-2275
1191.5	5280	9.04	MD99-2275
1192.5	5284	7.74	MD99-2275
1193.5	5289	8.28	MD99-2275
1194.5	5294	7.98	MD99-2275
1195.5	5299	NA	MD99-2275
1196.5	5303	8.22	MD99-2275
1197.5	5308	9.21	MD99-2275
1198.5	5313	8.24	MD99-2275
1199.5	5318	7.61	MD99-2275
1200.5	5323	9.20	MD99-2275
1201.5	5327	8.71	MD99-2275
1202.5	5332	9.09	MD99-2275
1203.5	5337	9.22	MD99-2275
1204.5	5342	9.42	MD99-2275
1205.5	5347	9.26	MD99-2275
1206.5	5351	9.38	MD99-2275
1207.5	5356	9.21	MD99-2275
1208.5	5361	9.51	MD99-2275
1209.5	5366	9.16	MD99-2275
1210.5	5370	NA	MD99-2275
1211.5	5375	9.56	MD99-2275
1212.5	5380	9.10	MD99-2275
1213.5	5385	9.45	MD99-2275
1214.5	5390	10.02	MD99-2275
1215.5	5394	9.57	MD99-2275
1216.5	5399	9.19	MD99-2275
1217.5	5404	9.02	MD99-2275
1218.5	5409	9.21	MD99-2275
1219.5	5414	8.99	MD99-2275
1220.5	5418	9.59	MD99-2275
1221.5	5423	10.00	MD99-2275
1222.5	5428	10.10	MD99-2275
1223.5	5433	9.72	MD99-2275
1224.5	5438	NA	MD99-2275
1225.5	5442	NA	MD99-2275
1226.5	5447	NA	MD99-2275
1227.5	5452	NA	MD99-2275
1228.5	5457	NA	MD99-2275
1229.5	5461	NA	MD99-2275
1230.5	5466	9.73	MD99-2275
1231.5	5471	10.04	MD99-2275
1232.5	5476	9.45	MD99-2275
1233.5	5481	NA	MD99-2275
1234.5	5485	NA	MD99-2275
1235.5	5490	NA	MD99-2275
1236.5	5495	9.42	MD99-2275
1237.5	5500	NA	MD99-2275
1238.5	5505	9.09	MD99-2275
1239.5	5509	9.46	MD99-2275
1240.5	5514	9.62	MD99-2275
1241.5	5519	NA	MD99-2275
1242.5	5524	9.00	MD99-2275
1243.5	5528	9.37	MD99-2275
1244.5	5533	9.22	MD99-2275
1245.5	5538	9.05	MD99-2275
1246.5	5543	8.74	MD99-2275
1247.5	5548	8.58	MD99-2275
1248.5	5552	NA	MD99-2275
1249.5	5557	8.97	MD99-2275
1250.5	5562	8.66	MD99-2275
1251.5	5567	9.11	MD99-2275
1252.5	5572	9.40	MD99-2275
1253.5	5576	9.56	MD99-2275
1254.5	5581	9.00	MD99-2275
1255.5	5586	9.30	MD99-2275
1256.5	5591	9.96	MD99-2275
1257.5	5595	9.24	MD99-2275
1258.5	5600	9.29	MD99-2275
1259.5	5605	10.24	MD99-2275
1260.5	5610	9.81	MD99-2275
1261.5	5615	9.77	MD99-2275
1262.5	5619	NA	MD99-2275
1263.5	5624	9.86	MD99-2275
1264.5	5629	9.44	MD99-2275
1265.5	5634	9.75	MD99-2275
1266.5	5639	9.58	MD99-2275
1267.5	5643	9.71	MD99-2275
1268.5	5648	10.17	MD99-2275
1269.5	5653	10.21	MD99-2275
1270.5	5658	9.62	MD99-2275
1271.5	5663	10.11	MD99-2275
1272.5	5667	7.43	MD99-2275
1273.5	5672	9.82	MD99-2275
1274.5	5677	9.85	MD99-2275
1275.5	5682	9.72	MD99-2275
1276.5	5686	9.27	MD99-2275
1277.5	5691	8.96	MD99-2275
1278.5	5696	8.63	MD99-2275
1279.5	5701	9.38	MD99-2275
1280.5	5706	9.29	MD99-2275
1281.5	5710	9.41	MD99-2275
1282.5	5715	9.91	MD99-2275
1283.5	5720	9.07	MD99-2275
1284.5	5725	9.55	MD99-2275
1285.5	5730	9.42	MD99-2275
1286.5	5734	9.70	MD99-2275
1287.5	5739	9.39	MD99-2275
1288.5	5744	8.89	MD99-2275
1289.5	5749	9.38	MD99-2275
1290.5	5753	9.81	MD99-2275
1291.5	5758	8.63	MD99-2275
1292.5	5763	10.17	MD99-2275
1293.5	5768	8.33	MD99-2275
1294.5	5773	10.13	MD99-2275
1295.5	5777	9.16	MD99-2275
1296.5	5782	9.36	MD99-2275
1297.5	5787	8.97	MD99-2275
1298.5	5792	8.46	MD99-2275
1299.5	5797	8.65	MD99-2275
1300.5	5801	9.12	MD99-2275
1301.5	5806	9.75	MD99-2275
1302.5	5811	9.42	MD99-2275
1303.5	5816	8.79	MD99-2275
1304.5	5820	9.25	MD99-2275
1305.5	5825	9.14	MD99-2275
1306.5	5830	NA	MD99-2275
1307.5	5835	NA	MD99-2275
1308.5	5840	NA	MD99-2275
1309.5	5844	10.04	MD99-2275
1310.5	5849	9.33	MD99-2275
1311.5	5854	9.33	MD99-2275
1312.5	5859	8.97	MD99-2275
1313.5	5864	9.86	MD99-2275
1314.5	5868	11.10	MD99-2275
1315.5	5873	8.83	MD99-2275
1316.5	5878	12.90	MD99-2275
1317.5	5883	12.96	MD99-2275
1318.5	5888	9.03	MD99-2275
1319.5	5892	8.63	MD99-2275
1320.5	5897	9.79	MD99-2275
1321.5	5902	NA	MD99-2275
1322.5	5907	8.16	MD99-2275
1323.5	5911	8.39	MD99-2275
1324.5	5916	8.05	MD99-2275
1325.5	5921	9.10	MD99-2275
1326.5	5926	9.37	MD99-2275
1327.5	5931	9.43	MD99-2275
1328.5	5935	9.49	MD99-2275
1329.5	5940	9.20	MD99-2275
1330.5	5945	9.40	MD99-2275
1331.5	5950	8.66	MD99-2275
1332.5	5955	8.95	MD99-2275
1333.5	5959	8.80	MD99-2275
1334.5	5964	9.23	MD99-2275
1335.5	5969	8.92	MD99-2275
1336.5	5974	8.86	MD99-2275
1337.5	5978	8.31	MD99-2275
1338.5	5983	8.69	MD99-2275
1339.5	5988	9.44	MD99-2275
1340.5	5993	9.23	MD99-2275
1341.5	5998	8.99	MD99-2275
1342.5	6002	9.08	MD99-2275
1343.5	6007	8.79	MD99-2275
1344.5	6012	9.27	MD99-2275
1345.5	6017	9.32	MD99-2275
1346.5	6022	9.14	MD99-2275
1347.5	6026	9.66	MD99-2275
1348.5	6031	9.99	MD99-2275
1349.5	6036	9.74	MD99-2275
1350.5	6041	9.48	MD99-2275
1351.5	6045	9.52	MD99-2275
1352.5	6050	9.13	MD99-2275
1353.5	6055	9.63	MD99-2275
1354.5	6060	9.48	MD99-2275
1355.5	6065	9.90	MD99-2275
1356.5	6069	9.60	MD99-2275
1357.5	6074	9.76	MD99-2275
1358.5	6079	9.62	MD99-2275
1359.5	6084	9.17	MD99-2275
1360.5	6089	9.53	MD99-2275
1361.5	6093	9.62	MD99-2275
1362.5	6098	10.13	MD99-2275
1363.5	6103	9.39	MD99-2275
1364.5	6108	9.54	MD99-2275
1365.5	6113	9.73	MD99-2275
1366.5	6117	9.57	MD99-2275
1367.5	6122	9.76	MD99-2275
1368.5	6127	8.63	MD99-2275
1369.5	6132	9.16	MD99-2275
1370.5	6136	9.78	MD99-2275
1371.5	6141	9.17	MD99-2275
1372.5	6146	8.87	MD99-2275
1373.5	6151	8.91	MD99-2275
1374.5	6156	9.32	MD99-2275
1375.5	6160	9.20	MD99-2275
1376.5	6165	9.73	MD99-2275
1377.5	6170	8.71	MD99-2275
1378.5	6175	9.31	MD99-2275
1379.5	6180	8.80	MD99-2275
1380.5	6184	9.96	MD99-2275
1381.5	6189	9.07	MD99-2275
1382.5	6194	8.94	MD99-2275
1383.5	6199	8.46	MD99-2275
1384.5	6203	9.38	MD99-2275
1385.5	6208	9.19	MD99-2275
1386.5	6213	7.99	MD99-2275
1387.5	6218	8.78	MD99-2275
1388.5	6223	9.42	MD99-2275
1389.5	6227	9.09	MD99-2275
1390.5	6232	9.14	MD99-2275
1391.5	6237	9.74	MD99-2275
1392.5	6242	9.07	MD99-2275
1393.5	6247	8.89	MD99-2275
1394.5	6251	8.96	MD99-2275
1395.5	6256	8.92	MD99-2275
1396.5	6261	8.94	MD99-2275
1397.5	6266	9.05	MD99-2275
1398.5	6270	10.02	MD99-2275
1399.5	6275	8.85	MD99-2275
1400.5	6280	8.94	MD99-2275
1401.5	6285	9.10	MD99-2275
1402.5	6290	8.81	MD99-2275
1403.5	6294	9.88	MD99-2275
1404.5	6299	9.88	MD99-2275
1405.5	6304	10.03	MD99-2275
1406.5	6309	8.78	MD99-2275
1407.5	6314	9.28	MD99-2275
1408.5	6318	9.09	MD99-2275
1409.5	6323	9.03	MD99-2275
1410.5	6328	8.88	MD99-2275
1411.5	6333	9.26	MD99-2275
1412.5	6338	8.86	MD99-2275
1413.5	6342	9.11	MD99-2275
1414.5	6347	9.21	MD99-2275
1415.5	6352	9.18	MD99-2275
1416.5	6357	8.62	MD99-2275
1417.5	6361	8.02	MD99-2275
1418.5	6366	NA	MD99-2275
1419.5	6371	8.05	MD99-2275
1420.5	6376	9.16	MD99-2275
1421.5	6381	9.88	MD99-2275
1422.5	6385	9.30	MD99-2275
1423.5	6390	9.55	MD99-2275
1424.5	6395	9.05	MD99-2275
1425.5	6400	9.48	MD99-2275
1426.5	6405	9.39	MD99-2275
1427.5	6409	9.44	MD99-2275
1428.5	6414	9.15	MD99-2275
1429.5	6419	8.82	MD99-2275
1430.5	6424	8.62	MD99-2275
1431.5	6428	9.27	MD99-2275
1432.5	6433	8.87	MD99-2275
1433.5	6438	8.97	MD99-2275
1434.5	6443	9.02	MD99-2275
1435.5	6448	8.83	MD99-2275
1436.5	6452	8.80	MD99-2275
1437.5	6457	9.36	MD99-2275
1438.5	6462	8.97	MD99-2275
1439.5	6467	8.67	MD99-2275
1440.5	6472	8.66	MD99-2275
1441.5	6476	9.47	MD99-2275
1442.5	6481	9.26	MD99-2275
1443.5	6486	NA	MD99-2275
1444.5	6491	7.98	MD99-2275
1445.5	6495	8.39	MD99-2275
1446.5	6500	9.05	MD99-2275
1447.5	6505	9.45	MD99-2275
1448.5	6510	9.11	MD99-2275
1449.5	6515	9.76	MD99-2275
1450.5	6519	9.59	MD99-2275
1451.5	6524	9.90	MD99-2275
1452.5	6529	9.59	MD99-2275
1453.5	6534	9.14	MD99-2275
1454.5	6539	9.66	MD99-2275
1455.5	6543	9.75	MD99-2275
1456.5	6548	9.33	MD99-2275
1457.5	6553	9.88	MD99-2275
1458.5	6558	9.85	MD99-2275
1459.5	6563	9.41	MD99-2275
1460.5	6567	9.67	MD99-2275
1461.5	6572	10.22	MD99-2275
1462.5	6577	9.76	MD99-2275
1463.5	6582	9.56	MD99-2275
1464.5	6586	10.46	MD99-2275
1465.5	6591	9.04	MD99-2275
1466.5	6596	9.42	MD99-2275
1467.5	6601	8.81	MD99-2275
1468.5	6606	NA	MD99-2275
1469.5	6610	8.94	MD99-2275
1470.5	6615	9.13	MD99-2275
1471.5	6620	10.78	MD99-2275
1472.5	6625	10.85	MD99-2275
1473.5	6630	9.12	MD99-2275
1474.5	6634	9.02	MD99-2275
1475.5	6639	9.17	MD99-2275
1476.5	6644	9.13	MD99-2275
1477.5	6649	8.72	MD99-2275
1478.5	6653	8.85	MD99-2275
1479.5	6658	8.78	MD99-2275
1480.5	6663	8.70	MD99-2275
1481.5	6668	9.51	MD99-2275
1482.5	6673	7.78	MD99-2275
1483.5	6677	8.86	MD99-2275
1484.5	6682	9.16	MD99-2275
1485.5	6687	8.95	MD99-2275
1486.5	6692	9.05	MD99-2275
1487.5	6697	9.19	MD99-2275
1488.5	6701	9.27	MD99-2275
1489.5	6706	10.03	MD99-2275
1490.5	6711	9.61	MD99-2275
1491.5	6716	9.52	MD99-2275
1492.5	6720	8.69	MD99-2275
1493.5	6725	9.20	MD99-2275
1494.5	6730	8.73	MD99-2275
1495.5	6735	10.42	MD99-2275
1496.5	6740	10.37	MD99-2275
1497.5	6744	9.59	MD99-2275
1498.5	6749	9.99	MD99-2275
1499.5	6754	9.98	MD99-2275
1500.5	6759	9.87	MD99-2275
1501.5	6764	9.23	MD99-2275
1502.5	6768	9.25	MD99-2275
1503.5	6773	10.52	MD99-2275
1504.5	6778	9.10	MD99-2275
1505.5	6783	8.61	MD99-2275
1506.5	6788	10.19	MD99-2275
1507.5	6792	11.04	MD99-2275
1508.5	6797	9.84	MD99-2275
1509.5	6802	11.42	MD99-2275
1510.5	6807	9.80	MD99-2275
1511.5	6811	9.59	MD99-2275
1512.5	6816	10.98	MD99-2275
1513.5	6821	11.73	MD99-2275
1514.5	6826	9.64	MD99-2275
1515.5	6831	7.53	MD99-2275
1516.5	6835	8.73	MD99-2275
1517.5	6840	8.55	MD99-2275
1518.5	6845	8.73	MD99-2275
1519.5	6850	8.95	MD99-2275
1520.5	6855	8.97	MD99-2275
1521.5	6859	9.41	MD99-2275
1522.5	6864	7.68	MD99-2275
1523.5	6869	9.11	MD99-2275
1524.5	6874	9.05	MD99-2275
1525.5	6878	8.04	MD99-2275
1526.5	6883	9.34	MD99-2275
1527.5	6878	9.67	MD99-2275
1528.5	6883	9.20	MD99-2275
1529.5	6888	8.94	MD99-2275
1530.5	6893	9.31	MD99-2275
1531.5	6898	9.45	MD99-2275
1532.5	6902	9.55	MD99-2275
1533.5	6907	10.13	MD99-2275
1534.5	6912	9.06	MD99-2275
1535.5	6917	9.25	MD99-2275
1536.5	6922	8.97	MD99-2275
1537.5	6926	9.66	MD99-2275
1538.5	6931	9.60	MD99-2275
1539.5	6936	10.32	MD99-2275
1540.5	6941	10.15	MD99-2275
1541.5	6945	9.68	MD99-2275
1542.5	6950	9.33	MD99-2275
1543.5	6955	9.79	MD99-2275
1544.5	6960	9.51	MD99-2275
1545.5	6965	9.37	MD99-2275
1546.5	6969	9.84	MD99-2275
1547.5	6974	9.67	MD99-2275
1548.5	6979	9.91	MD99-2275
1549.5	6984	9.90	MD99-2275
1550.5	6989	9.68	MD99-2275
1551.5	6993	8.97	MD99-2275
1552.5	6998	9.66	MD99-2275
1553.5	7003	9.76	MD99-2275
1554.5	7008	9.64	MD99-2275
1555.5	7013	10.18	MD99-2275
1556.5	7017	9.53	MD99-2275
1557.5	7022	9.58	MD99-2275
1558.5	7027	9.56	MD99-2275
1559.5	7032	NA	MD99-2275
1560.5	7036	9.42	MD99-2275
1561.5	7041	8.75	MD99-2275
1562.5	7046	8.31	MD99-2275
1563.5	7051	8.94	MD99-2275
1564.5	7056	8.62	MD99-2275
1565.5	7060	9.11	MD99-2275
1566.5	7065	9.41	MD99-2275
1567.5	7070	8.93	MD99-2275
1568.5	7075	10.11	MD99-2275
1569.5	7080	10.00	MD99-2275
1570.5	7084	9.85	MD99-2275
1571.5	7089	9.86	MD99-2275
1572.5	7094	9.67	MD99-2275
1573.5	7099	10.02	MD99-2275
1574.5	7103	9.49	MD99-2275
1575.5	7108	10.03	MD99-2275
1576.5	7113	10.04	MD99-2275
1577.5	7118	10.41	MD99-2275
1578.5	7123	10.42	MD99-2275
1579.5	7127	10.02	MD99-2275
1580.5	7130	9.84	MD99-2275
1581.5	7134	10.23	MD99-2275
1582.5	7137	9.46	MD99-2275
1583.5	7141	10.07	MD99-2275
1584.5	7144	10.21	MD99-2275
1585.5	7148	9.61	MD99-2275
1586.5	7151	9.22	MD99-2275
1587.5	7155	8.78	MD99-2275
1588.5	7158	9.41	MD99-2275
1589.5	7162	9.03	MD99-2275
1590.5	7165	9.55	MD99-2275
1591.5	7169	9.57	MD99-2275
1592.5	7172	9.68	MD99-2275
1593.5	7176	9.84	MD99-2275
1594.5	7179	8.63	MD99-2275
1595.5	7183	8.71	MD99-2275
1596.5	7186	9.72	MD99-2275
1597.5	7190	NA	MD99-2275
1598.5	7193	8.75	MD99-2275
1599.5	7197	10.12	MD99-2275
1600.5	7200	8.61	MD99-2275
1601.5	7204	9.14	MD99-2275
1602.5	7207	10.44	MD99-2275
1603.5	7211	10.48	MD99-2275
1604.5	7214	9.11	MD99-2275
1605.5	7218	9.98	MD99-2275
1606.5	7221	9.48	MD99-2275
1607.5	7225	9.80	MD99-2275
1608.5	7228	10.13	MD99-2275
1609.5	7232	11.09	MD99-2275
1610.5	7235	12.18	MD99-2275
1611.5	7239	11.03	MD99-2275
1612.5	7242	10.61	MD99-2275
1613.5	7246	9.87	MD99-2275
1614.5	7249	11.34	MD99-2275
1615.5	7253	10.39	MD99-2275
1616.5	7256	11.11	MD99-2275
1617.5	7260	10.81	MD99-2275
1618.5	7263	9.30	MD99-2275
1619.5	7267	10.83	MD99-2275
1620.5	7270	9.50	MD99-2275
1621.5	7274	10.78	MD99-2275
1622.5	7277	9.54	MD99-2275
1623.5	7281	NA	MD99-2275
1624.5	7284	11.98	MD99-2275
1625.5	7288	11.73	MD99-2275
1626.5	7291	13.46	MD99-2275
1627.5	7295	13.46	MD99-2275
1628.5	7298	10.74	MD99-2275
1629.5	7302	12.56	MD99-2275
1630.5	7305	10.11	MD99-2275
1631.5	7309	10.78	MD99-2275
1632.5	7312	10.32	MD99-2275
1633.5	7316	11.16	MD99-2275
1634.5	7319	10.85	MD99-2275
1635.5	7323	10.88	MD99-2275
1636.5	7326	10.63	MD99-2275
1637.5	7330	11.82	MD99-2275
1638.5	7333	10.36	MD99-2275
1639.5	7337	10.51	MD99-2275
1640.5	7340	11.26	MD99-2275
1641.5	7344	11.34	MD99-2275
1642.5	7347	10.33	MD99-2275
1643.5	7351	11.17	MD99-2275
1644.5	7354	10.79	MD99-2275
1645.5	7358	9.61	MD99-2275
1646.5	7361	9.98	MD99-2275
1647.5	7365	9.64	MD99-2275
1648.5	7368	10.83	MD99-2275
1649.5	7372	9.36	MD99-2275
1650.5	7375	9.08	MD99-2275
1651.5	7379	10.45	MD99-2275
1652.5	7382	11.10	MD99-2275
1653.5	7386	9.75	MD99-2275
1654.5	7389	8.58	MD99-2275
1655.5	7393	8.66	MD99-2275
1656.5	7396	9.81	MD99-2275
1657.5	7400	10.21	MD99-2275
1658.5	7403	10.67	MD99-2275
1659.5	7407	9.58	MD99-2275
1660.5	7410	10.07	MD99-2275
1661.5	7414	9.70	MD99-2275
1662.5	7417	10.06	MD99-2275
1663.5	7421	10.05	MD99-2275
1664.5	7424	10.43	MD99-2275
1665.5	7428	9.27	MD99-2275
1666.5	7431	8.32	MD99-2275
1667.5	7435	9.90	MD99-2275
1668.5	7438	9.14	MD99-2275
1669.5	7442	9.12	MD99-2275
1670.5	7445	9.48	MD99-2275
1671.5	7449	8.77	MD99-2275
1672.5	7452	9.43	MD99-2275
1673.5	7456	9.20	MD99-2275
1674.5	7459	9.89	MD99-2275
1675.5	7463	9.84	MD99-2275
1676.5	7466	9.86	MD99-2275
1677.5	7470	10.97	MD99-2275
1678.5	7473	8.41	MD99-2275
1679.5	7477	9.89	MD99-2275
1680.5	7480	11.11	MD99-2275
1681.5	7484	10.30	MD99-2275
1682.5	7487	10.73	MD99-2275
1683.5	7491	10.03	MD99-2275
1684.5	7494	11.39	MD99-2275
1685.5	7498	10.28	MD99-2275
1686.5	7501	10.28	MD99-2275
1687.5	7505	9.50	MD99-2275
1688.5	7508	10.40	MD99-2275
1689.5	7512	9.47	MD99-2275
1690.5	7515	9.41	MD99-2275
1691.5	7519	9.76	MD99-2275
1692.5	7522	10.27	MD99-2275
1693.5	7526	9.93	MD99-2275
1694.5	7529	10.79	MD99-2275
1695.5	7533	8.60	MD99-2275
1696.5	7536	8.50	MD99-2275
1697.5	7540	8.99	MD99-2275
1698.5	7543	8.44	MD99-2275
1699.5	7547	8.21	MD99-2275
1700.5	7550	8.24	MD99-2275
1701.5	7554	9.25	MD99-2275
1702.5	7557	8.40	MD99-2275
1703.5	7561	7.89	MD99-2275
1704.5	7564	8.83	MD99-2275
1705.5	7568	7.83	MD99-2275
1706.5	7571	8.78	MD99-2275
1707.5	7575	7.22	MD99-2275
1708.5	7578	8.53	MD99-2275
1709.5	7582	7.71	MD99-2275
1710.5	7585	8.74	MD99-2275
1711.5	7589	10.10	MD99-2275
1712.5	7592	10.48	MD99-2275
1713.5	7596	11.28	MD99-2275
1714.5	7599	9.76	MD99-2275
1715.5	7603	8.73	MD99-2275
1716.5	7606	9.30	MD99-2275
1717.5	7610	9.85	MD99-2275
1718.5	7613	9.17	MD99-2275
1719.5	7617	9.65	MD99-2275
1720.5	7620	9.41	MD99-2275
1721.5	7624	9.40	MD99-2275
1722.5	7627	8.43	MD99-2275
1723.5	7631	10.31	MD99-2275
1724.5	7634	9.80	MD99-2275
1725.5	7638	NA	MD99-2275
1726.5	7641	10.14	MD99-2275
1727.5	7645	9.80	MD99-2275
1728.5	7648	10.87	MD99-2275
1729.5	7652	9.74	MD99-2275
1730.5	7655	10.01	MD99-2275
1731.5	7659	9.94	MD99-2275
1732.5	7662	9.26	MD99-2275
1733.5	7666	10.82	MD99-2275
1734.5	7669	10.55	MD99-2275
1735.5	7673	10.36	MD99-2275
1736.5	7676	10.55	MD99-2275
1737.5	7680	NA	MD99-2275
1738.5	7683	11.37	MD99-2275
1739.5	7687	NA	MD99-2275
1740.5	7690	10.73	MD99-2275
1741.5	7694	NA	MD99-2275
1742.5	7697	11.84	MD99-2275
1743.5	7701	12.27	MD99-2275
1744.5	7704	10.54	MD99-2275
1745.5	7708	11.63	MD99-2275
1746.5	7711	12.02	MD99-2275
1747.5	7715	11.49	MD99-2275
1748.5	7718	12.01	MD99-2275
1749.5	7722	11.87	MD99-2275
1750.5	7725	10.53	MD99-2275
1751.5	7729	10.71	MD99-2275
1752.5	7732	11.61	MD99-2275
1753.5	7736	10.97	MD99-2275
1754.5	7739	10.75	MD99-2275
1755.5	7743	12.07	MD99-2275
1756.5	7746	11.26	MD99-2275
1757.5	7750	9.64	MD99-2275
1758.5	7753	11.39	MD99-2275
1759.5	7757	11.26	MD99-2275
1760.5	7760	11.29	MD99-2275
1761.5	7764	11.02	MD99-2275
1762.5	7767	10.77	MD99-2275
1763.5	7771	10.31	MD99-2275
1764.5	7774	NA	MD99-2275
1765.5	7778	11.33	MD99-2275
1766.5	7781	11.77	MD99-2275
1767.5	7785	9.17	MD99-2275
1768.5	7788	9.25	MD99-2275
1769.5	7792	8.33	MD99-2275
1770.5	7795	NA	MD99-2275
1771.5	7799	NA	MD99-2275
1772.5	7802	13.12	MD99-2275
1773.5	7806	7.16	MD99-2275
1774.5	7809	NA	MD99-2275
1775.5	7813	9.20	MD99-2275
1776.5	7816	8.37	MD99-2275
1777.5	7820	7.65	MD99-2275
1778.5	7823	9.37	MD99-2275
1779.5	7827	8.63	MD99-2275
1780.5	7830	8.53	MD99-2275
1781.5	7834	8.24	MD99-2275
1782.5	7837	9.33	MD99-2275
1783.5	7841	9.57	MD99-2275
1784.5	7844	8.62	MD99-2275
1785.5	7848	10.03	MD99-2275
1786.5	7851	7.28	MD99-2275
1787.5	7855	14.07	MD99-2275
1788.5	7858	10.19	MD99-2275
1789.5	7862	8.08	MD99-2275
1790.5	7865	9.24	MD99-2275
1791.5	7869	9.55	MD99-2275
1792.5	7872	10.64	MD99-2275
1793.5	7876	9.51	MD99-2275
1794.5	7879	8.72	MD99-2275
1795.5	7883	10.26	MD99-2275
1796.5	7886	10.16	MD99-2275
1797.5	7890	11.02	MD99-2275
1798.5	7893	9.07	MD99-2275
1799.5	7897	9.26	MD99-2275
1800.5	7900	7.29	MD99-2275
1801.5	7904	7.49	MD99-2275
1802.5	7907	7.94	MD99-2275
1803.5	7911	9.80	MD99-2275
1804.5	7914	8.80	MD99-2275
1805.5	7918	8.52	MD99-2275
1806.5	7921	7.83	MD99-2275
1807.5	7925	7.87	MD99-2275
1808.5	7928	7.90	MD99-2275
1809.5	7932	9.73	MD99-2275
1810.5	7935	8.19	MD99-2275
1811.5	7939	9.07	MD99-2275
1812.5	7942	8.88	MD99-2275
1813.5	7946	9.14	MD99-2275
1814.5	7949	9.56	MD99-2275
1815.5	7953	7.74	MD99-2275
1816.5	7956	9.56	MD99-2275
1817.5	7960	8.50	MD99-2275
1818.5	7963	8.99	MD99-2275
1819.5	7967	9.08	MD99-2275
1820.5	7970	9.39	MD99-2275
1821.5	7974	10.99	MD99-2275
1822.5	7977	12.41	MD99-2275
1823.5	7981	12.60	MD99-2275
1824.5	7984	8.96	MD99-2275
1825.5	7988	8.61	MD99-2275
1826.5	7991	9.28	MD99-2275
1827.5	7995	9.82	MD99-2275
1828.5	7998	10.15	MD99-2275
1829.5	8001	11.00	MD99-2275
1830.5	8004	10.20	MD99-2275
1831.5	8007	11.52	MD99-2275
1832.5	8010	10.60	MD99-2275
1833.5	8013	10.46	MD99-2275
1834.5	8016	9.67	MD99-2275
1835.5	8019	11.59	MD99-2275
1836.5	8022	NA	MD99-2275
1837.5	8025	NA	MD99-2275
1838.5	8028	10.79	MD99-2275
1839.5	8030	11.45	MD99-2275
1840.5	8033	10.71	MD99-2275
1841.5	8036	11.03	MD99-2275
1842.5	8039	9.28	MD99-2275
1843.5	8042	12.63	MD99-2275
1844.5	8045	NA	MD99-2275
1845.5	8048	13.53	MD99-2275
1846.5	8051	NA	MD99-2275
1847.5	8054	11.07	MD99-2275
1848.5	8057	10.59	MD99-2275
1849.5	8059	11.22	MD99-2275
1850.5	8062	12.11	MD99-2275
1851.5	8065	10.86	MD99-2275
1852.5	8068	12.18	MD99-2275
1853.5	8071	11.82	MD99-2275
1854.5	8074	10.86	MD99-2275
1855.5	8077	11.07	MD99-2275
1856.5	8080	10.96	MD99-2275
1857.5	8083	11.42	MD99-2275
1858.5	8086	10.88	MD99-2275
1859.5	8089	11.41	MD99-2275
1860.5	8091	10.89	MD99-2275
1861.5	8094	12.37	MD99-2275
1862.5	8097	10.57	MD99-2275
1863.5	8100	10.72	MD99-2275
1864.5	8103	10.54	MD99-2275
1865.5	8106	11.28	MD99-2275
1866.5	8109	10.57	MD99-2275
1867.5	8112	11.24	MD99-2275
1868.5	8115	9.94	MD99-2275
1869.5	8118	10.55	MD99-2275
1870.5	8120	10.49	MD99-2275
1871.5	8123	9.71	MD99-2275
1872.5	8126	11.34	MD99-2275
1873.5	8129	10.27	MD99-2275
1874.5	8132	10.84	MD99-2275
1875.5	8135	11.18	MD99-2275
1876.5	8138	10.59	MD99-2275
1877.5	8141	13.18	MD99-2275
1878.5	8144	10.89	MD99-2275
1879.5	8147	10.92	MD99-2275
1880.5	8149	10.54	MD99-2275
1881.5	8152	10.65	MD99-2275
1882.5	8155	9.48	MD99-2275
1883.5	8158	9.91	MD99-2275
1884.5	8161	8.98	MD99-2275
1885.5	8164	9.77	MD99-2275
1886.5	8167	9.75	MD99-2275
1887.5	8170	8.74	MD99-2275
1888.5	8173	10.28	MD99-2275
1889.5	8176	9.36	MD99-2275
1890.5	8178	9.82	MD99-2275
1891.5	8181	10.41	MD99-2275
1892.5	8184	9.66	MD99-2275
1893.5	8187	9.27	MD99-2275
1894.5	8190	9.48	MD99-2275
1895.5	8193	9.66	MD99-2275
1896.5	8196	9.09	MD99-2275
1897.5	8199	9.33	MD99-2275
1898.5	8202	10.21	MD99-2275
1899.5	8205	10.00	MD99-2275
1900.5	8208	9.66	MD99-2275
1901.5	8210	10.35	MD99-2275
1902.5	8213	9.45	MD99-2275
1903.5	8216	9.60	MD99-2275
1904.5	8219	9.70	MD99-2275
1905.5	8222	9.00	MD99-2275
1906.5	8225	8.99	MD99-2275
1907.5	8228	9.63	MD99-2275
1908.5	8231	10.01	MD99-2275
1909.5	8234	10.44	MD99-2275
1910.5	8237	9.65	MD99-2275
1911.5	8239	10.36	MD99-2275
1912.5	8242	10.10	MD99-2275
1913.5	8245	10.39	MD99-2275
1914.5	8248	10.40	MD99-2275
1915.5	8251	10.30	MD99-2275
1916.5	8254	10.78	MD99-2275
1917.5	8257	10.95	MD99-2275
1918.5	8260	9.64	MD99-2275
1919.5	8263	10.38	MD99-2275
1920.5	8266	10.35	MD99-2275
1921.5	8268	11.12	MD99-2275
1922.5	8271	9.92	MD99-2275
1923.5	8274	10.22	MD99-2275
1924.5	8277	10.08	MD99-2275
1925.5	8280	10.30	MD99-2275
1926.5	8283	9.41	MD99-2275
1927.5	8286	9.84	MD99-2275
1928.5	8289	11.79	MD99-2275
1929.5	8292	10.28	MD99-2275
1930.5	8295	12.35	MD99-2275
1931.5	8297	10.47	MD99-2275
1932.5	8300	8.60	MD99-2275
1933.5	8303	10.12	MD99-2275
1934.5	8306	12.49	MD99-2275
1935.5	8309	11.02	MD99-2275
1936.5	8312	11.37	MD99-2275
1937.5	8315	10.09	MD99-2275
1938.5	8318	10.37	MD99-2275
1939.5	8321	10.61	MD99-2275
1940.5	8324	9.53	MD99-2275
1941.5	8327	9.35	MD99-2275
1942.5	8329	9.62	MD99-2275
1943.5	8332	7.31	MD99-2275
1944.5	8335	10.29	MD99-2275
1945.5	8338	8.77	MD99-2275
1946.5	8341	11.47	MD99-2275
1947.5	8344	10.36	MD99-2275
1948.5	8347	9.61	MD99-2275
1949.5	8350	8.36	MD99-2275
1950.5	8353	10.96	MD99-2275
1951.5	8356	10.35	MD99-2275
1952.5	8358	11.19	MD99-2275
1953.5	8361	13.50	MD99-2275
1954.5	8364	NA	MD99-2275
1955.5	8367	11.79	MD99-2275
1956.5	8370	NA	MD99-2275
1957.5	8373	12.42	MD99-2275
1958.5	8376	9.17	MD99-2275
1959.5	8379	10.78	MD99-2275
1960.5	8382	10.53	MD99-2275
1961.5	8385	10.11	MD99-2275
1962.5	8387	10.03	MD99-2275
1963.5	8390	10.05	MD99-2275
1964.5	8393	9.05	MD99-2275
1965.5	8396	10.18	MD99-2275
1966.5	8399	10.37	MD99-2275
1967.5	8402	12.07	MD99-2275
1968.5	8405	10.02	MD99-2275
1969.5	8408	10.40	MD99-2275
1970.5	8411	10.76	MD99-2275
1971.5	8414	10.43	MD99-2275
1972.5	8416	10.40	MD99-2275
1973.5	8419	9.91	MD99-2275
1974.5	8422	11.92	MD99-2275
1975.5	8425	10.26	MD99-2275
1976.5	8428	9.90	MD99-2275
1977.5	8431	10.46	MD99-2275
1978.5	8434	10.83	MD99-2275
1979.5	8437	11.04	MD99-2275
1980.5	8440	10.81	MD99-2275
1981.5	8443	10.81	MD99-2275
1982.5	8446	10.83	MD99-2275
1983.5	8448	10.38	MD99-2275
1984.5	8451	10.04	MD99-2275
1985.5	8454	10.51	MD99-2275
1986.5	8457	8.09	MD99-2275
1987.5	8460	11.43	MD99-2275
1988.5	8463	8.85	MD99-2275
1989.5	8466	9.57	MD99-2275
1990.5	8469	10.55	MD99-2275
1991.5	8472	11.19	MD99-2275
1992.5	8475	9.77	MD99-2275
1993.5	8477	10.08	MD99-2275
1994.5	8480	10.09	MD99-2275
1995.5	8483	8.38	MD99-2275
1996.5	8486	10.12	MD99-2275
1997.5	8489	10.03	MD99-2275
1998.5	8492	10.07	MD99-2275
1999.5	8495	9.85	MD99-2275
2000.5	8498	10.22	MD99-2275
2001.5	8501	10.03	MD99-2275
2002.5	8504	10.09	MD99-2275
2003.5	8506	10.24	MD99-2275
2004.5	8509	9.99	MD99-2275
2005.5	8512	10.54	MD99-2275
2006.5	8515	10.68	MD99-2275
2007.5	8518	11.63	MD99-2275
2008.5	8521	11.81	MD99-2275
2009.5	8524	10.57	MD99-2275
2010.5	8527	10.63	MD99-2275
2011.5	8530	10.47	MD99-2275
2012.5	8533	10.63	MD99-2275
2013.5	8535	10.33	MD99-2275
2014.5	8538	10.86	MD99-2275
2015.5	8541	9.68	MD99-2275
2016.5	8544	10.29	MD99-2275
2017.5	8547	10.29	MD99-2275
2018.5	8550	10.17	MD99-2275
2019.5	8553	10.11	MD99-2275
2020.5	8556	10.49	MD99-2275
2021.5	8559	10.13	MD99-2275
2022.5	8562	10.20	MD99-2275
2023.5	8565	9.43	MD99-2275
2024.5	8567	10.10	MD99-2275
2025.5	8570	10.02	MD99-2275
2026.5	8573	10.00	MD99-2275
2027.5	8576	10.19	MD99-2275
2028.5	8579	9.79	MD99-2275
2029.5	8582	9.94	MD99-2275
2030.5	8585	10.09	MD99-2275
2031.5	8588	10.05	MD99-2275
2032.5	8591	9.84	MD99-2275
2033.5	8594	10.31	MD99-2275
2034.5	8596	10.46	MD99-2275
2035.5	8599	10.30	MD99-2275
2036.5	8602	9.62	MD99-2275
2037.5	8605	9.83	MD99-2275
2038.5	8608	9.86	MD99-2275
2039.5	8611	10.30	MD99-2275
2040.5	8614	9.25	MD99-2275
2041.5	8617	9.15	MD99-2275
2042.5	8620	10.35	MD99-2275
2043.5	8623	9.14	MD99-2275
2044.5	8625	9.48	MD99-2275
2045.5	8628	8.95	MD99-2275
2046.5	8631	9.50	MD99-2275
2047.5	8634	9.07	MD99-2275
2048.5	8637	8.77	MD99-2275
2049.5	8640	8.82	MD99-2275
2050.5	8643	8.30	MD99-2275
2051.5	8646	8.11	MD99-2275
2052.5	8649	9.21	MD99-2275
2053.5	8652	9.12	MD99-2275
2054.5	8654	8.97	MD99-2275
2055.5	8657	8.78	MD99-2275
2056.5	8660	9.32	MD99-2275
2057.5	8663	9.93	MD99-2275
2058.5	8666	8.95	MD99-2275
2059.5	8669	9.02	MD99-2275
2060.5	8672	9.25	MD99-2275
2061.5	8675	9.18	MD99-2275
2062.5	8678	9.59	MD99-2275
2063.5	8681	9.24	MD99-2275
2064.5	8684	8.16	MD99-2275
2065.5	8686	9.29	MD99-2275
2066.5	8689	9.03	MD99-2275
2067.5	8692	9.03	MD99-2275
2068.5	8695	8.68	MD99-2275
2069.5	8698	8.69	MD99-2275
2070.5	8701	9.42	MD99-2275
2071.5	8704	9.25	MD99-2275
2072.5	8707	8.24	MD99-2275
2073.5	8710	8.55	MD99-2275
2074.5	8713	8.14	MD99-2275
2075.5	8715	8.21	MD99-2275
2076.5	8718	8.34	MD99-2275
2077.5	8721	7.48	MD99-2275
2078.5	8724	8.76	MD99-2275
2079.5	8727	8.52	MD99-2275
2080.5	8730	7.98	MD99-2275
2081.5	8733	8.00	MD99-2275
2082.5	8736	8.80	MD99-2275
2083.5	8739	9.08	MD99-2275
2084.5	8742	8.74	MD99-2275
2085.5	8744	9.68	MD99-2275
2086.5	8747	8.56	MD99-2275
2087.5	8750	8.45	MD99-2275
2088.5	8753	8.39	MD99-2275
2089.5	8756	8.42	MD99-2275
2090.5	8759	8.14	MD99-2275
2091.5	8762	7.78	MD99-2275
2092.5	8765	7.58	MD99-2275
2093.5	8768	7.73	MD99-2275
2094.5	8771	7.66	MD99-2275
2095.5	8773	7.44	MD99-2275
2096.5	8776	9.81	MD99-2275
2097.5	8779	NA	MD99-2275
2098.5	8782	NA	MD99-2275
2099.5	8785	10.41	MD99-2275
2100.5	8788	10.48	MD99-2275
2101.5	8791	10.64	MD99-2275
2102.5	8794	9.73	MD99-2275
2103.5	8797	9.94	MD99-2275
2104.5	8800	11.19	MD99-2275
2105.5	8803	10.45	MD99-2275
2106.5	8805	11.67	MD99-2275
2107.5	8808	10.79	MD99-2275
2108.5	8811	10.99	MD99-2275
2109.5	8814	11.47	MD99-2275
2110.5	8817	10.51	MD99-2275
2111.5	8820	11.22	MD99-2275
2112.5	8823	11.78	MD99-2275
2113.5	8826	10.90	MD99-2275
2114.5	8829	11.20	MD99-2275
2115.5	8832	11.25	MD99-2275
2116.5	8834	NA	MD99-2275
2117.5	8837	NA	MD99-2275
2118.5	8840	9.66	MD99-2275
2119.5	8843	9.12	MD99-2275
2120.5	8846	9.97	MD99-2275
2121.5	8849	9.93	MD99-2275
2122.5	8852	8.73	MD99-2275
2123.5	8855	9.48	MD99-2275
2124.5	8858	9.17	MD99-2275
2125.5	8861	7.73	MD99-2275
2126.5	8863	9.47	MD99-2275
2127.5	8866	9.39	MD99-2275
2128.5	8869	9.80	MD99-2275
2129.5	8872	9.37	MD99-2275
2130.5	8875	9.25	MD99-2275
2131.5	8878	10.04	MD99-2275
2132.5	8881	10.15	MD99-2275
2133.5	8884	10.10	MD99-2275
2134.5	8887	10.30	MD99-2275
2135.5	8890	9.88	MD99-2275
2136.5	8892	9.72	MD99-2275
2137.5	8895	10.30	MD99-2275
2138.5	8895	10.05	MD99-2275
2139.5	8898	9.74	MD99-2275
2140.5	8901	9.40	MD99-2275
2141.5	8904	9.18	MD99-2275
2142.5	8907	9.89	MD99-2275
2143.5	8910	9.98	MD99-2275
2144.5	8913	9.15	MD99-2275
2145.5	8916	9.55	MD99-2275
2146.5	8919	8.63	MD99-2275
2147.5	8922	9.88	MD99-2275
2148.5	8924	9.62	MD99-2275
2149.5	8927	9.66	MD99-2275
2150.5	8930	9.54	MD99-2275
2151.5	8933	9.54	MD99-2275
2152.5	8936	9.21	MD99-2275
2153.5	8939	9.48	MD99-2275
2154.5	8942	9.48	MD99-2275
2155.5	8945	9.76	MD99-2275
2156.5	8948	11.10	MD99-2275
2157.5	8951	10.51	MD99-2275
2158.5	8953	11.66	MD99-2275
2159.5	8956	10.52	MD99-2275
2160.5	8959	10.13	MD99-2275
2161.5	8962	10.49	MD99-2275
2162.5	8965	10.46	MD99-2275
2163.5	8968	9.89	MD99-2275
2164.5	8971	10.12	MD99-2275
2165.5	8974	10.25	MD99-2275
2166.5	8977	8.35	MD99-2275
2167.5	8980	11.42	MD99-2275
2168.5	8982	10.23	MD99-2275
2169.5	8985	9.62	MD99-2275
2170.5	8988	10.13	MD99-2275
2171.5	8991	9.77	MD99-2275
2172.5	8994	9.03	MD99-2275
2173.5	8997	10.00	MD99-2275
2174.5	9000	10.43	MD99-2275
2175.5	9003	9.81	MD99-2275
2176.5	9006	10.04	MD99-2275
2177.5	9009	9.66	MD99-2275
2178.5	9011	9.88	MD99-2275
2179.5	9014	9.72	MD99-2275
2180.5	9017	9.85	MD99-2275
2181.5	9020	10.00	MD99-2275
2182.5	9023	9.93	MD99-2275
2183.5	9026	9.67	MD99-2275
2184.5	9029	9.79	MD99-2275
2185.5	9032	9.90	MD99-2275
2186.5	9035	9.69	MD99-2275
2187.5	9038	9.92	MD99-2275
2188.5	9041	9.93	MD99-2275
2189.5	9043	10.29	MD99-2275
2190.5	9046	9.28	MD99-2275
2191.5	9049	11.24	MD99-2275
2192.5	9052	9.55	MD99-2275
2193.5	9055	9.38	MD99-2275
2194.5	9058	9.41	MD99-2275
2195.5	9061	11.62	MD99-2275
2196.5	9064	9.77	MD99-2275
2197.5	9067	9.50	MD99-2275
2198.5	9070	9.90	MD99-2275
2199.5	9072	11.02	MD99-2275
2200.5	9075	9.89	MD99-2275
2201.5	9078	9.71	MD99-2275
2202.5	9081	9.78	MD99-2275
2203.5	9084	9.78	MD99-2275
2204.5	9087	10.44	MD99-2275
2205.5	9090	9.74	MD99-2275
2206.5	9093	9.72	MD99-2275
2207.5	9096	9.79	MD99-2275
2208.5	9099	9.74	MD99-2275
2209.5	9101	8.88	MD99-2275
2210.5	9104	9.66	MD99-2275
2211.5	9107	9.85	MD99-2275
2212.5	9110	9.43	MD99-2275
2213.5	9113	9.52	MD99-2275
2214.5	9116	10.28	MD99-2275
2215.5	9119	9.82	MD99-2275
2216.5	9122	9.89	MD99-2275
2217.5	9125	9.76	MD99-2275
2218.5	9128	9.93	MD99-2275
2219.5	9130	10.29	MD99-2275
2220.5	9133	10.63	MD99-2275
2221.5	9136	10.08	MD99-2275
2222.5	9139	10.37	MD99-2275
2223.5	9142	10.02	MD99-2275
2224.5	9145	10.04	MD99-2275
2225.5	9148	9.61	MD99-2275
2226.5	9151	9.46	MD99-2275
2227.5	9154	9.92	MD99-2275
2228.5	9157	10.68	MD99-2275
2229.5	9159	9.98	MD99-2275
2230.5	9162	10.16	MD99-2275
2231.5	9165	9.90	MD99-2275
2232.5	9168	10.24	MD99-2275
2233.5	9171	9.51	MD99-2275
2234.5	9174	9.60	MD99-2275
2235.5	9177	10.17	MD99-2275
2236.5	9180	9.89	MD99-2275
2237.5	9183	9.81	MD99-2275
2238.5	9186	9.97	MD99-2275
2239.5	9189	9.92	MD99-2275
2240.5	9191	9.43	MD99-2275
2241.5	9194	10.05	MD99-2275
2242.5	9197	10.83	MD99-2275
2243.5	9200	10.20	MD99-2275
2244.5	9203	9.91	MD99-2275
2245.5	9206	10.79	MD99-2275
2246.5	9209	10.54	MD99-2275
2247.5	9212	11.57	MD99-2275
2248.5	9215	10.11	MD99-2275
2249.5	9218	10.21	MD99-2275
2250.5	9220	10.02	MD99-2275
2251.5	9223	9.94	MD99-2275
2252.5	9226	10.72	MD99-2275
2253.5	9229	10.83	MD99-2275
2254.5	9232	9.60	MD99-2275
2255.5	9235	9.91	MD99-2275
2256.5	9238	9.80	MD99-2275
2257.5	9241	10.03	MD99-2275
2258.5	9244	10.23	MD99-2275
2259.5	9247	12.29	MD99-2275
2260.5	9249	10.72	MD99-2275
2261.5	9252	10.21	MD99-2275
2262.5	9255	10.60	MD99-2275
2263.5	9258	10.33	MD99-2275
2264.5	9261	10.17	MD99-2275
2265.5	9264	9.07	MD99-2275
2266.5	9267	11.18	MD99-2275
2267.5	9270	10.21	MD99-2275
2268.5	9273	10.52	MD99-2275
2269.5	9276	9.87	MD99-2275
2270.5	9278	9.94	MD99-2275
2271.5	9281	10.73	MD99-2275
2272.5	9284	9.80	MD99-2275
2273.5	9287	10.04	MD99-2275
2274.5	9290	11.15	MD99-2275
2275.5	9293	10.01	MD99-2275
2276.5	9296	NA	MD99-2275
2277.5	9299	10.93	MD99-2275
2278.5	9302	9.70	MD99-2275
2279.5	9305	9.54	MD99-2275
2280.5	9308	9.81	MD99-2275
2281.5	9310	9.58	MD99-2275
2282.5	9313	9.80	MD99-2275
2283.5	9316	9.46	MD99-2275
2284.5	9319	9.59	MD99-2275
2285.5	9322	NA	MD99-2275
2286.5	9325	9.36	MD99-2275
2287.5	9328	8.65	MD99-2275
2288.5	9331	NA	MD99-2275
2289.5	9334	9.39	MD99-2275
2290.5	9337	9.49	MD99-2275
2291.5	9339	9.46	MD99-2275
2292.5	9342	8.86	MD99-2275
2293.5	9345	8.87	MD99-2275
2294.5	9348	8.56	MD99-2275
2295.5	9351	9.45	MD99-2275
2296.5	9354	9.28	MD99-2275
2297.5	9357	NA	MD99-2275
2298.5	9360	NA	MD99-2275
2299.5	9363	10.00	MD99-2275
2300.5	9366	8.81	MD99-2275
2301.5	9368	9.08	MD99-2275
2302.5	9371	9.30	MD99-2275
2303.5	9374	8.39	MD99-2275
2304.5	9377	9.67	MD99-2275
2305.5	9380	9.84	MD99-2275
2306.5	9383	9.93	MD99-2275
2307.5	9386	10.43	MD99-2275
2308.5	9389	10.18	MD99-2275
2309.5	9392	8.21	MD99-2275
2310.5	9395	10.03	MD99-2275
2311.5	9397	8.57	MD99-2275
2312.5	9400	9.48	MD99-2275
2313.5	9403	9.77	MD99-2275
2314.5	9406	NA	MD99-2275
2315.5	9409	NA	MD99-2275
2316.5	9412	NA	MD99-2275
2317.5	9415	NA	MD99-2275
2318.5	9418	9.47	MD99-2275
2319.5	9421	10.08	MD99-2275
2320.5	9424	13.15	MD99-2275
2321.5	9427	10.36	MD99-2275
2322.5	9429	9.99	MD99-2275
2323.5	9432	9.87	MD99-2275
2324.5	9435	9.95	MD99-2275
2325.5	9438	10.27	MD99-2275
2326.5	9441	10.18	MD99-2275
2327.5	9444	9.88	MD99-2275
2328.5	9447	10.56	MD99-2275
2329.5	9450	9.64	MD99-2275
2330.5	9453	9.70	MD99-2275
2331.5	9456	9.58	MD99-2275
2332.5	9458	9.20	MD99-2275
2333.5	9461	9.33	MD99-2275
2334.5	9464	8.93	MD99-2275
2335.5	9467	9.11	MD99-2275
2336.5	9470	8.90	MD99-2275
2337.5	9473	9.24	MD99-2275
2338.5	9476	9.08	MD99-2275
2339.5	9479	8.32	MD99-2275
2340.5	9482	9.10	MD99-2275
2341.5	9485	8.75	MD99-2275
2342.5	9487	8.04	MD99-2275
2343.5	9490	8.91	MD99-2275
2344.5	9493	9.56	MD99-2275
2345.5	9496	9.68	MD99-2275
2346.5	9499	9.54	MD99-2275
2347.5	9502	9.24	MD99-2275
2348.5	9505	8.95	MD99-2275
2349.5	9508	8.42	MD99-2275
2350.5	9511	8.31	MD99-2275
2351.5	9514	8.52	MD99-2275
2352.5	9516	8.10	MD99-2275
2353.5	9519	8.77	MD99-2275
2354.5	9522	8.71	MD99-2275
2355.5	9525	8.80	MD99-2275
2356.5	9528	8.55	MD99-2275
2357.5	9531	8.71	MD99-2275
2358.5	9534	8.55	MD99-2275
2359.5	9537	8.72	MD99-2275
2360.5	9540	9.33	MD99-2275
2361.5	9543	8.89	MD99-2275
2362.5	9546	8.22	MD99-2275
2363.5	9548	10.82	MD99-2275
2364.5	9551	9.19	MD99-2275
2365.5	9554	8.93	MD99-2275
2366.5	9557	8.61	MD99-2275
2367.5	9560	9.09	MD99-2275
2368.5	9563	NA	MD99-2275
2369.5	9566	NA	MD99-2275
2370.5	9569	9.88	MD99-2275
2371.5	9572	9.04	MD99-2275
2372.5	9575	9.91	MD99-2275
2373.5	9577	9.73	MD99-2275
2374.5	9580	9.06	MD99-2275
2375.5	9583	8.59	MD99-2275
2376.5	9586	9.37	MD99-2275
2377.5	9589	10.33	MD99-2275
2378.5	9592	9.44	MD99-2275
2379.5	9595	9.53	MD99-2275
2380.5	9598	9.08	MD99-2275
