• Normal-data T3 spectrum, all with rho=0, b1/b2=1000/500, N=7296 per condition. Values
  below are type-I error, i.e. 1 - coverage.

  taux tauy  shape   n=20    n=50    n=100   n=200
  1    2     1       0.095   0.075   0.062   0.059
  1    2     4       0.080   0.071   0.062   0.058
  1    2     16      0.076   0.070   0.056   0.055

  3    6     1       0.147   0.091   0.073   0.058
  3    6     4       0.148   0.080   0.071   0.064
  3    6     16      0.145   0.075   0.072   0.061

  5    10    1       0.201   0.122   0.081   0.067
  5    10    4       0.197   0.116   0.071   0.068
  5    10    16      0.203   0.112   0.073   0.064

• Lognormal-data T3 spectrum, all with rho=0, b1/b2=1000/500, N=7296 per condition.
  Entries are type-I error, 1 - coverage.

  taux tauy  shape   n=20    n=50    n=100   n=200
  1    2     1       0.115   0.118   0.103   0.100
  1    2     4       0.097   0.098   0.098   0.086
  1    2     16      0.097   0.102   0.100   0.097

  3    6     1       0.125   0.099   0.095   0.094
  3    6     4       0.115   0.098   0.091   0.091
  3    6     16      0.113   0.092   0.096   0.097

  5    10    1       0.166   0.109   0.098   0.094
  5    10    4       0.159   0.099   0.093   0.095
  5    10    16      0.151   0.098   0.093   0.092


  Setup:
  T4, rho=0
  B1/B2/B3 = 500/200/100
  N = 6528 per condition
  l_mbb = round(sqrt(2n)) = 6,10,14,20

  Normal
  taux tauy  shape   n=20    n=50    n=100   n=200
  1    2     1       0.060   0.061   0.058   0.057
  1    2     4       0.051   0.059   0.053   0.050
  1    2     16      0.053   0.053   0.052   0.056

  3    6     1       0.092   0.074   0.070   0.060
  3    6     4       0.091   0.075   0.066   0.058
  3    6     16      0.080   0.074   0.063   0.055

  5    10    1       0.099   0.096   0.078   0.065
  5    10    4       0.104   0.096   0.078   0.064
  5    10    16      0.109   0.090   0.079   0.064

  Lognormal
  taux tauy  shape   n=20    n=50    n=100   n=200
  1    2     1       0.049   0.053   0.060   0.051
  1    2     4       0.048   0.054   0.053   0.053
  1    2     16      0.045   0.045   0.052   0.053

  3    6     1       0.065   0.066   0.059   0.061
  3    6     4       0.064   0.065   0.067   0.054
  3    6     16      0.068   0.070   0.062   0.057

  5    10    1       0.085   0.082   0.078   0.065
  5    10    4       0.084   0.083   0.076   0.066
  5    10    16      0.083   0.085   0.072   0.062


n=100, shape=16, taux/tauy=1/2, N=15000, normal data
  rho    T3 power  T4 power  T3 cover  T4 cover
  0.0    0.0562    0.0516    0.9438    0.9484   [N=7296]
  0.1    0.1304    0.1265    0.9419    0.9467
  0.2    0.3433    0.3458    0.9377    0.9449
  0.3    0.6363    0.6542    0.9363    0.9428

n=20, shape=16, taux/tauy=3/6, N=15232, normal data
  rho    T3 power  T4 power  T3 cover  T4 cover
  0.0    0.145     0.0797    0.8555    0.9203   [T3 N=7296, T4 N=6528]
  0.1    0.1511    0.0882    0.8579    0.9194
  0.2    0.1784    0.1241    0.8592    0.9211
  0.3    0.2272    0.1855    0.8564    0.9216
  0.5    0.3861    0.3839    0.8535    0.9187
